residue	WT	p.(Gln11His)	p.(Ala12Thr)	p.(Ile42Thr)	p.(Gly43Val)	p.(Arg105Cys)	p.(Pro173Arg)	p.(Thr179Ile)	p.(Val181Met)	p.(Arg215Cys)	p.(Leu227Phe)	p.(Ser241Phe)	p.(Glu254Ala)	p.(Glu254Gln)	p.(Glu254Lys)	p.(Glu254Gly)	p.(His283Gln)	p.(Glu284Lys)	p.(Arg320Cys)	p.(Arg320His)	p.(Gly350Val)	p.(Gly354Asp)	p.(Ala383Thr)	p.(Glu415Lys)
1	0.4774	1.0009	0.5218	0.4919	0.0303	0.5322	0.353	1.0341	1.0813	0.2257	0.6309	0.7129	-0.2402	0.4989	-0.1255	0.4973	0.5713	0.9303	0.3215	-0.1093	0.081	-0.2652	0.121	0.0935
2	-0.9839	0.1202	-0.3311	-0.2601	-0.6861	-0.4804	-0.6676	0.0416	0.5522	-1.5531	-0.0441	-0.4124	-0.7723	-0.761	-1.3321	-0.096	-0.9316	-0.2568	-1.1197	-1.5542	-1.3025	-1.1887	-0.1453	-1.3698
3	0	0	0	0	0	0	0	0	0	0	0	0	0	0	0	0	0	0	0	0	0	0	0	0
4	0	0.1429	0	0	0	0	-0.0396	0	0	-0.4412	0	0	0	0	0	0	0	0	0	0	0	0	0	0
5	0	0	0	0	0	0	0	0	0	0	0	0	0	0	0	0	0	0	0	0	0	0	0	0
6	0	-0.0365	0	0	0	0	0	0	0	0	0	0	0	-0.0244	0	0	0	-0.0153	-0.0102	0	0	0	0	0
7	0	0	0	0	0	0	0	0	0	0	0	0	0	0	0	0	0	0	0	0	0	0	0	0
8	0	0	0	0	0	0	0	0	0	0	0	0	0	0	0	0	0	0	0	0	0	0	0	0
9	0	0	0	0	0	0	0	0	0	0	0	0	0	0	0	0	0	0	0	0	0	0	0	0
10	0	0	0	0	0	0	0	0	0	0	0	0	0	0	0	0	0	0	0	0	0	0	0	0
11	-1.0511	-0.742	-0.8394	-0.77	-0.8503	-0.9085	-0.5832	-0.5143	-1.0782	-0.7802	-0.6225	-0.6411	-0.7812	-0.4343	-0.6336	-1.0657	-0.6754	-0.4645	-0.6002	-1.5024	-0.6849	-0.564	-0.5958	-0.6838
12	-0.5506	-0.3201	-0.4499	-0.3551	-0.3235	-0.4223	0	-0.3711	-0.4348	-0.4062	-0.2179	-0.39	-0.2413	0	0	-0.4797	-0.4321	0	0	0	-0.3038	-0.2201	-0.414	-0.3392
13	0	0	0	0	0	0	0	0	0	0	0	0	0	0	0	0	0	0	0	0	0	0	0	0
14	0	0	0	0	0	0	0	0	0	0	0	0	0	0	0	0	0	0	0	0	0	0	0	0
15	-1.0116	-0.9143	-1.2672	-0.7418	-0.6402	-0.9823	-0.5759	-0.6097	-0.905	-0.5583	-0.5274	-0.5257	-0.6891	-0.4156	-0.6646	-0.8296	-1.0621	-0.7551	-0.6132	-1.0024	-0.9245	-0.8222	-0.7574	-0.7263
16	0	0	0	0	0	0	0	0	0	0	0	0	0	0	-0.386	0	0	0	0	0	0	0	-0.4241	0
17	0	0	0	0	0	0	0	0	0	0	0	0	0	0	0	0	0	0	0	0	0	0	0	0
18	-1.1764	-0.3916	-0.8635	-0.5164	-0.8136	-0.6983	-0.5778	-0.5726	-0.7083	0	-0.6618	-0.6829	-0.8998	0	-0.9653	-0.9658	-0.9299	-0.7113	-0.8913	-0.8696	-1.1952	-0.976	-0.7176	-0.7892
19	0	0	-0.7015	0	0	-0.4997	0	0	0	0	0	0	0	0	0	-0.9411	-0.8172	0	0	0	0	-0.6259	0	0
20	0	0	0	0	0	0	0	0	0	0	0	0	0	0	0	0	0	-0.3813	-0.466	0	0	0	0	0
21	0	0	0	0	0	0	0	0	0	0	0	0	0	0	0	0	0	0	0	0	0	0	0	0
22	-0.7129	-0.3572	-0.5236	-0.4639	-0.4161	-0.2912	-0.0549	-0.2144	-0.6255	-0.5905	-0.4806	-1.3022	-0.805	-0.3569	-1.378	-1.7839	-1.0419	-0.6938	-0.9978	-0.9287	-0.1077	-0.4898	-1.1141	-0.3913
23	0	0	0	0	0	0	0	0	0	0	0	0	0	0	0	0	0	0	0	0	0	0	0	0
24	0	0.4096	0	0	0	0	0	0	0	0	0	0	0	0	0	0	0	0	0	0	0	0	0	0
25	0.3904	0.3318	0	0	0.754	0	0	0.1055	0	0	0	0	0	0.2304	0	-0.559	0	0	0	0	0	0	-0.2998	0
26	0.9312	0.9403	0.4719	0.4484	0.9396	0.9181	1.1451	0.5919	1.2435	0.5903	0.501	0.9631	0.3578	0.6106	0.7814	-0.1743	0.6138	0.5429	1.0305	1.3248	0.6637	0.9058	0.2683	0.3539
27	0	0	0	0.0758	0	0	0	0	0	0	-0.0927	0	0.2099	-0.149	0	0	0	-0.2019	0	0	0	0	-0.3894	-0.5056
28	0	0	0	-0.5841	-0.3128	0	0	0	0	0	-0.2777	0	0.1645	-0.4125	0	-0.9822	0	-0.4367	0	0	0	0	0	0
29	0.6637	0.1384	0.3151	-0.8946	0.0072	0.2184	0.3767	-0.1212	-0.369	-0.2254	0.4563	0.1588	0.5393	0.4082	-0.0588	0.0083	0.6637	-0.1336	0.2927	0.4256	0.2959	0.7554	-0.3285	-0.5063
30	1.6565	0.4793	1.0165	-1.0979	0.8621	1.1619	1.2304	0.4891	0	0.3392	1.1554	1.0999	1.6048	1.3087	1.1618	1.012	1.3446	0.5112	0.8302	1.3097	1.3025	1.3166	0.2251	0.2805
31	0.3922	-1.0337	-0.3528	-1.9785	-1.0473	-0.499	-0.0866	-0.5482	-1.3493	-0.8345	-0.399	-0.1532	0.2348	-0.1145	-0.3704	-0.4036	-0.3473	-1.08	-0.5807	-0.6428	-0.6115	-0.3254	0	-1.058
32	-0.27	-1.4613	-1.003	-2.4537	-1.34	-0.7899	-0.5181	-0.8565	0	-0.6407	-0.7863	-0.8374	-0.3149	-0.5693	-1.054	-0.8337	-1.0703	-1.5048	-1.0848	-1.1573	-1.0445	-1.0037	-0.9461	-0.9639
33	-1.032	-2.4226	-2.3834	-3.0359	-2.3547	-1.3041	-0.992	-1.4075	-2.1151	-1.3979	-1.4511	-1.3997	-0.9845	-1.1601	-2.4197	0	-2.1848	-2.5016	-2.2094	-2.2056	-2.1234	-2.0962	-1.6563	-1.5819
34	-1.3402	-1.8985	-2.0267	-2.5362	-1.4517	0	-1.0561	-1.4546	-1.9291	-1.1574	-1.0563	0	-0.9543	0	-1.3522	-1.2745	0	0	-1.6957	0	-1.2321	0	0	0
35	-0.744	-1.673	-1.0872	-2.2365	-1.0461	-0.7153	-0.5293	-1.3669	-1.9297	-0.6618	0	-1.3353	-0.5257	-0.6183	-0.4821	-1.1877	-0.6898	-0.7416	-1.4809	-0.6692	-1.138	-0.7061	-1.3707	-0.601
36	0	0	0	0	0	0	0	0	-0.5391	0	0	0	0	0	0	0	0	0	0	0	0	0	0	0
37	0	0	0	-1.7151	-1.0978	0	0	0	-0.9171	0	0	0	0	0	0	0	-0.2691	-0.6925	-0.5518	0	-0.7672	-0.1264	0	0
38	-0.6013	-1.4619	-0.651	-1.9032	-1.4549	-0.7043	-0.8777	-1.1151	-1.7857	-1.3992	-1.2997	-0.9165	0	0	-1.1946	0	-0.3897	-0.4557	-0.4279	-0.5213	-1.4289	-0.8018	0	-1.5829
39	-0.6659	-1.2534	-0.8973	-2.8229	-2.561	-2.1216	-1.1438	-1.5078	-2.8475	-2.3533	-1.2241	-1.3788	-1.4164	0	-2.31	0	0	0	-0.5086	0	-1.9487	-1.4582	-1.8269	-2.1027
40	-1.6632	-1.5995	-0.4894	-2.7428	-2.2509	-1.7508	-1.8072	-2.0935	-2.8402	-1.6315	-0.8922	-1.3027	-1.3902	-2.0261	-2.4743	-1.6523	-1.6811	-1.6731	-1.3752	-1.5897	-2.067	-1.8024	-1.4097	-2.3069
41	0	0	-0.3373	-1.5146	-0.306	-1.427	0	0	-1.5047	-0.976	0	-0.197	0	0	0	0	0	0	0	0	-0.7367	-0.3746	-0.3517	-0.6532
42	0.4763	0.7621	0.3432	-1.1702	1.8501	0	0.7134	0	-0.6756	0	0.6766	1.3003	0.9862	-0.8311	0.2151	0.8279	0.1962	-0.0637	0.8778	0.9735	1.0138	1.1692	1.1153	0.8728
43	-0.0104	-0.0732	-0.4487	-0.9292	2.4486	0	0.1455	-1.4856	-0.9086	0	-0.403	0	0.3935	-1.0179	-0.5069	0	-0.4582	0	0.174	0	0.1013	0.4048	0.313	0.3525
44	-1.0932	-0.9935	-0.811	-0.8238	1.03	-1.0527	-0.7245	-1.444	-1.1952	-0.7247	-1.2985	-0.3581	-0.131	-1.513	-1.0662	-0.541	-0.7565	-0.9425	-0.0462	-0.8362	0.0935	0.1093	-0.2715	0.3073
45	-1.6591	-1.211	0	-0.4365	0.1317	-1.5028	-1.2185	-1.6351	-0.9957	-1.4801	-1.9043	-0.7752	-0.1598	-2.0126	-1.3182	-0.852	-1.2622	-1.6005	-0.9399	-1.525	-0.7253	-0.314	-0.3781	0.1089
46	-2.1391	-1.2298	0	0	0	-1.7345	-1.5361	-2.1413	-0.7576	-1.6611	-1.9403	-0.6912	0	-2.8388	-1.2538	-1.0702	-1.8483	-1.8014	-1.2969	-1.5098	0	0	0	0
47	-1.6613	-1.0585	0	-1.1187	-1.7544	-2.0261	-1.3879	-1.3001	-0.6555	-2.1922	-1.6035	-0.8765	-0.6679	-1.9724	-1.0758	-1.1751	-1.3701	-1.2721	-1.5542	-1.7565	-1.5289	-1.1459	-0.6832	-1.4553
48	0	0	0	0	0	-1.3416	-0.914	-0.9979	0	-1.3628	-0.66	0	-0.5082	-1.1313	0	0	-0.8156	-0.5717	-1.1412	-1.0497	0	0	0	-1.5055
49	0	0	0	0	0	0	0	0	0	0	0	0	0	0	0	0	0	0	0	0	0	0	0	0
50	-0.5534	-0.1928	-0.1509	0	0	-0.4208	-0.5997	0	-0.5115	-0.5887	0	-0.4737	-0.7345	-0.4108	-0.7378	-0.7663	0.0846	0.6527	-0.6436	0	-0.6675	-0.7155	-0.5057	-0.1922
51	0	0	0	0	0	0	0	0	0	0	0	0	0	0	0	0	0	0	0	0	0	-0.5873	0	0
52	0	0	0	0	0	0	0	0	0	0	0	0	0	0	0	0	0	0	0	0	0	0	0	0
53	0.2466	0.2236	-0.2842	0	0.013	0.3811	-0.3091	-0.3155	0	0.1979	0.0527	0	-0.2615	0.1345	-0.1239	-0.2801	0.6206	1.0453	0.0585	-0.3025	-0.0129	-0.8002	0.0234	0.1029
54	-0.3614	0	0	0	0	0	0	0	-0.8648	0	0	-0.4347	0	0	0	-0.8437	0	0	0	0	0	0	-0.2418	0
55	-1.9537	-2.0027	-2.1034	-1.1811	-0.923	-0.8005	-2.2055	-2.184	-1.9686	-0.8058	-2.2674	-1.6954	-1.4676	-0.9328	-1.6009	-2.4603	-1.8965	-2.1907	-0.8364	-1.9497	-1.9236	-2.5577	-1.4029	-1.4978
56	-1.2888	-1.2171	-1.5233	-0.8883	-0.6682	-0.737	-1.6244	-1.4482	-1.2236	-1.1772	-1.4129	-1.2978	-1.0027	-0.7938	-1.2957	-1.5802	-1.5675	0	-0.6715	-1.3237	-1.4268	-1.611	-1.0916	-1.3003
57	-1.154	-0.9749	-1.1689	-0.8787	-0.7822	-0.8233	-1.4232	-1.0455	-1.0071	-1.5128	-1.136	-1.0854	-0.9613	-0.8031	-1.1254	-1.317	-1.2879	-1.7992	-0.8644	-1.3217	-1.492	-1.2285	-0.9613	-1.479
58	-0.8577	-0.7787	-1.1352	-0.8034	-0.6014	-0.6939	-1.1468	-0.8788	-1.3762	-1.5304	-0.9388	-0.9373	-0.7631	-0.8514	-1.4372	-1.2872	-1.0632	-1.4358	-0.7458	-1.028	-1.2596	-1.4521	-0.6795	-1.3468
59	-1.4013	-1.2454	-1.2622	-1.3048	-1.4384	-0.9538	-1.7362	-1.1951	-1.9242	-1.8796	-1.61	-1.0531	-1.4483	-1.0382	-2.0137	-1.7905	-1.0671	-1.7445	-1.066	-1.5018	-1.1983	-1.8143	-1.1128	-1.5419
60	-1.7915	-1.8163	-1.8107	-1.4517	-1.8482	-0.9686	-2.6237	-1.4403	-2.0851	-2.6233	-2.0289	-1.1344	-1.5438	-1.3827	-2.7252	-2.3336	-1.5269	-2.3314	-1.3447	-1.7589	-1.5812	-2.535	-1.4056	-2.0533
61	0	-1.4787	-1.6196	0	-1.3024	-0.8488	0	-1.345	0	-1.822	-1.5194	-1.2565	0	-0.909	0	-1.5549	-1.4198	-1.8915	-0.9182	0	-1.3066	-2.023	-1.1032	0
62	-0.667	0	0	-0.6155	0	0	-1.13	0	-0.2509	0	0	0	-0.7057	0	-0.996	0	0	0	0	0	0	0	-0.7914	0
63	0	0	0	0	0	0	0	0	0	0	0	0	0	0	0	0	0	0	0	0	0	0	0	0
64	0	0	0	0	0	0	0	0	0	0	0	-0.8824	0	0	0	0	0	0	0	0	0	0	0	0
65	0	0	0	0	0	0	0	0	0	0	0	0	0	0	0	0	0	0	0	0	0	0	0	0
66	0	0	0	0	0	0	0	0	0	0	0	0	0	0	0	0	0	0	0	0	0	0	0	0
67	0	0	0	0	0	0	0	0	0	0	0	0	0	0	0	0	0	0	0	0	0	0	0	0
68	0	0	0	0	0	0	0	0	0	0	0	0	0	0	0	0	0	0	0	0	0	0	0	0
69	0	0	0	0	0	0	0	0	0	0	0	0	0	0	0	0	0	0	0	0	0	0	0	0
70	0	0	0	0	0	0	0	0	0	0	0	0	0	0	0	0	0	0	0	0	0	0	0	0
71	-2.821	-2.397	-1.8857	-1.9966	-2.4979	-1.9737	-1.6235	-2.1576	-2.3655	-1.7084	-2.314	-1.9843	-1.9732	-1.9348	-2.4023	-2.118	-2.7751	-1.9661	-2.3802	-2.5161	-2.2591	-1.6925	-2.2767	-2.0104
72	-2.1893	0	0	0	-1.7047	-2.0674	-1.6561	-1.7246	0	-1.4556	-2.2325	-1.7943	-1.8867	0	0	0	-1.6074	-1.8805	0	-2.0394	0	-1.6594	0	-2.0208
73	-1.7721	-1.3559	-1.5952	-1.6053	-1.3022	-1.9398	-1.1611	-1.7875	-1.9514	-1.282	-1.7799	-1.5774	-1.63	-1.5003	-1.7551	-1.8518	-1.808	-1.873	-2.0005	-1.8908	-1.7588	-1.2267	-2.052	-1.5274
74	0	-1.5129	0	-1.719	0	0	0	0	-1.6418	0	0	0	0	-1.464	0	0	0	0	0	0	0	0	0	0
75	0	0	0	0	0	0	0	0	0	-1.7647	0	0	0	0	0	0	0	0	0	0	0	0	0	0
76	-3.0276	-2.3548	-2.7965	-3.2032	-3.1919	-3.3281	-2.6368	-2.5464	-3.4322	-3.0237	-3.7418	-3.1049	-3.2478	-3.4659	-3.0636	-3.2214	-3.283	-3.3285	-3.7931	-2.9463	-3.2344	-2.8045	-3.8551	-3.6597
77	-3.6243	-3.07	-3.4652	-3.6377	-3.1814	-3.6579	-3.2013	-3.0434	-3.5909	-3.0449	-3.331	-3.4891	-3.6205	-3.4455	-3.4538	-3.3735	-3.6673	-3.4147	-3.7693	-3.0569	-3.6495	-3.2688	-3.935	-3.8554
78	0	-2.4441	0	0	0	0	0	0	0	0	0	0	0	0	0	0	0	0	-2.5744	0	0	0	0	0
79	-3.8365	-3.2715	-3.4764	-3.9848	-2.8512	-3.9881	-3.6185	-3.0758	-3.7743	-3.2789	-3.8301	-3.5197	-3.4079	-3.8585	-3.6827	-3.0804	-3.5136	-3.162	-3.4175	-3.5388	-3.3852	-2.8102	-3.8834	-3.9948
80	-3.3106	-3.0337	-3.2894	-3.6047	-2.7502	-3.3482	-3.0495	-2.7811	-3.2235	-2.9335	-3.2589	-3.1881	-3.1668	-3.0878	-3.0899	-3.007	-3.1853	-2.964	-3.3946	-3.1713	-3.3313	-3.0263	-3.4857	-3.2498
81	-2.4573	-2.1782	-2.5169	-2.5415	-1.7471	-2.5118	-2.303	-2.2675	-2.383	-2.0416	-2.4927	-2.1679	-2.2104	-2.4201	-2.2254	-1.9835	-2.2215	-2.2834	-2.3607	-2.2832	-2.1942	-2.2763	-2.708	-2.3882
82	-2.4959	-1.7278	-2.361	-1.6825	-1.2037	-2.5745	-2.0061	-2.0042	-1.4922	-1.4885	-1.8468	-1.9262	-1.6687	-1.9411	-1.8324	-1.6641	-1.2878	-1.6436	-1.3294	-1.953	-1.6911	-1.4834	-2.3716	-2.1024
83	0	-1.3371	-1.9774	0	-0.0399	0	-2.0791	-1.94	-1.0717	-1.1869	-1.8001	-1.6727	-1.8539	-1.6317	-1.5442	-1.6598	-0.8256	-0.9074	-0.8384	-1.3493	-1.1147	-1.904	-2.0449	-1.6149
84	-2.717	-1.7136	-2.6378	-3.0731	-1.2276	-2.7152	-2.2923	-2.4636	-2.2843	-2.2423	-2.5132	-2.2359	-2.4275	-2.3156	-2.9411	-2.5872	-1.6143	-1.7922	-1.2234	-1.8027	-2.2257	-2.5634	-2.2789	-2.2999
85	0	-1.3875	-1.9279	-2.1018	-0.7497	0	-1.2811	0	-1.3914	0	0	0	0	0	0	-1.4673	-1.3878	-1.3985	-0.4867	-1.1326	0	0	-1.4104	0
86	0	0	0	0	0	0	0	0	0	0	0	0	0	0	0	0	0	0	0	0	0	0	0	0
87	0	0	0	0	0	0	0	0	0	0	0	0	0	-0.7385	0	0	0	0	0.9529	0	-0.3626	0	0	-0.6286
88	0	0	0	-0.755	0	-1.1771	-1.1347	-1.0631	0	-1.1958	-1.3366	-0.9378	-1.1743	-1.5399	-1.2476	-1.1233	0	0	0.1252	0	0	-1.1202	-1.7722	0
89	-1.4921	-1.4498	-1.345	-0.8816	-1.3554	-1.6841	-1.4346	-1.4744	-1.2486	-1.4663	-1.5667	-1.0364	-1.3216	-1.5814	-1.5596	-1.4627	-1.2922	-1.6056	-0.9946	-1.092	-0.7432	-1.0613	-1.9077	-1.4922
90	-1.4243	-1.9163	-1.3588	-1.3436	-2.2304	-2.3897	-2.0655	-2.0507	-2.0014	-1.911	-1.8938	-1.8109	-2.2101	-2.23	-2.1876	-2.0845	-1.856	-1.9313	-2.0502	-1.6454	-0.9075	-1.4606	-2.142	-1.883
91	0	0	0	0	0	0	0	0	0	0	0	0	0	0	0	0	0	0	0	0	0	0	0	0
92	-0.494	0.0659	-0.2126	-0.3788	-0.508	-0.5741	-0.9393	-0.2861	-0.7365	-0.223	-0.3307	0.0428	-0.524	-0.2744	-0.6893	-0.7749	-0.4221	-0.1567	-0.0699	-0.3897	0.462	-0.4585	-0.9542	-0.6927
93	0	0.0391	-0.0451	0	-0.3526	-0.3283	0	-0.166	-0.4268	-0.0954	0	-0.0042	-0.1324	-0.3596	-0.2886	-0.1691	-0.2749	-0.072	0	-0.1135	0.2798	0	-0.4892	-0.3223
94	-1.0401	-0.526	-0.8286	-0.7846	-1.2542	-0.8698	-0.6333	-0.7656	-0.7335	-0.4645	-1.2844	-0.5689	-0.8841	-0.7079	-0.7236	-0.7404	-0.6765	-0.6031	-0.8436	-0.789	-0.8558	-0.8476	-0.8023	-1.0203
95	-2.0363	-1.6913	-1.5731	-1.7267	-2.2885	-1.5696	-1.4843	-1.676	-1.4634	-1.3113	-2.2054	-1.5405	-1.6271	-1.5813	-1.7269	-1.4711	0	-1.6358	-1.6316	-1.801	-1.4577	-1.6989	-1.5605	-1.8847
96	-3.3779	-3.3738	-2.7867	-2.9279	-3.4116	-2.7355	-2.6263	-2.9162	-2.9809	-2.2404	-3.6332	-2.6108	-2.901	-2.9001	-3.0027	-3.1867	-3.3242	-2.9978	-3.2179	-2.9326	-2.945	-2.7991	-2.9451	-3.2414
97	-3.7032	-3.6768	-2.8772	-2.7411	-3.6656	-2.8672	-2.2529	-3.4209	-2.9188	-2.023	-3.6012	-2.6171	-2.8078	-3.4618	-3.333	-3.3246	-3.7772	-3.069	-2.9116	-3.034	-2.7146	-2.7639	-2.8136	-3.3344
98	-3.434	-3.5128	-2.8669	-2.8543	-3.5137	0	-2.5911	-3.2891	-2.9715	-2.4504	-3.4105	-2.7235	-2.9732	-3.2285	-3.5927	-2.8403	-3.7715	-3.2478	-2.7483	-2.638	-2.8306	-2.9486	-3.3528	-2.6953
99	0	-1.8115	-1.4918	-1.5855	0	-1.2088	-1.2633	-1.6163	-1.7981	-1.2448	0	-1.4041	-1.5188	-1.6874	0	-1.4975	0	-1.6946	-1.5049	0	-1.3845	-1.46	0	-1.4223
100	-1.1726	-0.5119	-0.8562	-1.5176	-1.5356	-1.0507	-0.7618	0.0142	0	-0.6932	-1.3953	-0.7006	-0.7166	-0.9584	-1.917	-0.864	0	-1.3721	-0.737	-1.081	-0.7336	-0.6052	-2.0487	-0.8507
101	-0.4801	-0.7871	-0.4948	-1.0661	0	-1.332	-0.4859	0	-1.8091	-0.8399	0	-0.6704	-0.6423	-0.3858	-1.7387	-0.379	-1.9221	-0.6388	-0.6227	-0.5477	-0.4667	-0.2281	-1.776	-0.2757
102	0	0	0	0	-0.6101	-0.7999	0	0	-1.2018	-0.3133	-0.8806	-0.4614	-0.5809	0	-0.8105	0	-0.8002	0	0	0	0	0	0	0
103	0	0	-0.0461	0	0	0	0	0	0	0	0	0	0	-0.1365	0	0	-0.9524	-0.4636	0	0	0	-0.2636	0	-0.5187
104	0	0	0	0	0	0.0589	0	-0.9134	0	-0.5225	0	0	0	0	0	0	-1.196	0	0	0	0	0	-1.1471	0
105	-1.1002	-1.1568	0	-0.7279	-1.3845	-0.2603	-0.6578	-1.238	-0.938	0	-1.1145	-0.6712	-0.5939	-0.9946	-1.9173	0	-2.7208	-0.7721	0	-0.8733	0	-0.9026	-2.7041	0
106	0	0	0	0	0	0	0	0	0	0	0	0	0	0	0	0	-1.928	0	0	0	0	-0.6804	0	0
107	-0.6683	-0.5208	-0.5399	-0.047	-1.2745	-1.1678	-0.7709	-1.2547	-0.4419	-0.7246	-0.7357	-0.2685	-0.6041	-0.4348	-0.8749	-0.9018	-1.958	-0.8222	-1.0296	-0.7871	-0.6086	-0.5027	-1.5455	-1.089
108	-0.0037	0.3231	0.5898	-0.0304	-0.4418	-0.7238	0.2548	-0.2139	0.182	0.0711	0.0671	0.2928	0.228	-0.1815	-0.4477	-0.1556	0	0.2136	-0.285	0.014	0.4219	0.0141	-0.6983	-0.0768
109	-0.6128	0.0923	-0.381	-0.6987	-0.9241	-0.7705	-0.2944	-0.5775	-0.0417	-0.6222	-0.2126	-0.3607	-0.4488	-0.7036	-0.6227	-0.1743	-1.2893	-0.019	-0.7386	-0.6093	-0.0967	-0.4033	-0.5869	-0.3527
110	-1.1808	-0.0923	-1.1714	-0.9151	-1.6059	-1.0837	-0.4057	-0.5555	0.4198	-0.889	-0.583	-0.8353	-0.763	0	-1.0178	0.8946	-1.6852	0.0127	-1.0404	-1.258	-0.2572	-0.941	-1.0267	-0.6537
111	0	0	0	0	0	0	0	0	0	0	0	0	0	0	0	0	0	0	0	0	0	0	0	0
112	-2.3255	-1.2867	-2.0747	-2.1222	-2.3754	-1.8898	-2.3231	-2.2648	-2.2231	-2.6326	-1.6179	-1.7355	-2.1046	-2.4656	-1.5704	-1.8028	-2.3875	-1.4986	-2.6971	-2.5502	-1.6969	-1.4058	-1.765	-1.4493
113	-2.5809	-1.9223	-2.7531	-2.5516	-2.4945	-2.3063	-2.3776	-2.378	-2.3837	-2.9561	-2.1501	-2.2747	-2.6174	-2.4159	-2.1175	-2.0223	-2.5495	-2.0114	-2.9275	-2.6731	-2.2077	-2.0868	-2.4594	-1.5417
114	0	0	0	0	0	0	-1.1957	0	-1.3836	0	0	-1.3496	0	0	0	0	-1.5774	0	0	0	0	0	0	0
115	0	0	0	0	0	0	0	0	0	0	0	0	0	0	0	0	0	0	0	0	0	0	0	0
116	-2.0746	-2.1103	-2.649	-2.0156	-2.1818	-1.7879	-1.8804	-1.7739	-3.2454	-3.0755	-2.5038	-2.3162	-3.3121	-2.716	-1.651	-2.3157	-2.4426	-2.0636	-2.7632	-2.1776	-2.3446	-2.0107	-2.6814	-1.8133
117	-1.5654	-1.6444	-1.9269	-1.8547	-1.8785	-1.6803	-1.6893	-1.4167	-2.2298	-2.4186	-1.7806	-1.7845	-2.4461	-2.3661	-1.2868	-1.9001	-1.5843	-1.7274	-2.2798	-1.7083	-1.7632	-1.7828	-1.8446	-1.6671
118	0	0	0	0	0	0	0	0	0	0	0	0	0	0	0	0	0	0	0	0	0	0	0	0
119	-1.7059	0	-1.6604	-1.3032	-1.7075	-1.6144	-1.1706	0	0	-2.3555	-2.0636	-1.8932	0	-2.3041	0	0	-1.5787	-1.8642	0	0	-1.9467	-1.8834	0	0
120	-2.2878	-2.2024	-2.0133	-2.4646	-2.7329	-2.6151	-2.0155	-1.6741	-2.6344	-3.0557	-2.1918	-2.6212	-3.9331	-3.4934	-1.6941	-2.9453	-1.7774	-2.637	-3.2158	-1.9636	-2.7872	-2.7375	-2.3148	-2.3331
121	-2.0723	-2.4452	-1.8134	0	-2.6714	-2.6821	-1.976	-2.0182	-2.7239	-2.8859	-2.1989	-2.2983	0	0	-2.1911	-2.6795	-1.7739	0	0	-2.2721	-2.4681	0	-2.3257	-2.3877
122	0	0	0	0	0	0	0	0	0	0	0	0	0	0	0	0	0	0	-2.4639	0	0	0	0	0
123	-3.3483	-3.1986	-3.4829	-3.3046	-3.623	-3.6731	-3.0692	-2.7543	-3.6454	-3.9029	-3.769	-2.5985	-4.326	-3.7913	-3.1798	-3.5455	-3.0751	-3.5844	-3.6067	-3.1646	-3.6998	-3.0374	-2.7748	-4.0991
124	-2.7061	-3.253	-3.1452	-3.0123	-3.9717	-3.9648	-2.6228	-3.2894	-3.5182	-3.5719	-3.3617	-2.9367	-4.232	-3.7862	-3.2865	-3.1112	-2.5347	-3.1122	-3.8886	-2.9675	-3.4826	-2.742	-2.8039	-3.7226
125	0	0	0	0	0	0	0	0	-2.3307	0	0	0	0	0	0	0	0	0	0	0	0	0	0	0
126	-2.0391	0	-1.9324	-2.1832	0	-2.5482	-1.7745	0	-2.4609	-2.4217	-2.5535	0	-2.7431	-2.4138	-2.3769	-2.1461	-2.0692	-1.7956	-2.3668	-2.0988	0	0	0	-2.5546
127	-2.633	-3.0781	-2.6523	-2.7468	-3.2106	-3.0777	-2.7076	-3.2084	-3.2933	-3.195	-3.1763	-1.7236	-3.2237	-3.1833	-2.9544	-2.5718	-2.6302	-2.781	-2.6119	-2.7893	-3.0236	-2.6583	-2.4713	-3.2241
128	-1.2566	-2.2541	-1.6686	-1.7189	-2.0382	-1.9062	-1.6744	-2.7561	-2.5393	-2.0638	-2.3764	-0.9727	-1.8739	-1.9163	-2.2565	-1.2349	-1.5576	-1.5517	-1.1868	-1.8294	-1.8536	-2.085	-1.5003	-1.6834
129	0.1727	0	-0.3028	-0.777	-0.6474	-0.538	-0.2663	-1.3843	-1.5852	-0.2681	-0.8826	0.0587	-0.2852	-0.5508	-0.9408	0.2185	-0.1023	0.0871	0.063	-1.0755	-0.7569	-1.5218	-0.3137	-0.1613
130	0	-0.6736	-0.2227	-0.4662	-0.5744	-0.7148	-0.4866	-0.359	-0.4208	0	-0.7267	0.1367	-0.6343	-0.7183	-1.054	-0.1567	-0.6932	0	-0.3355	-0.829	-0.8731	-0.8049	-0.3003	-0.709
131	-0.4757	0.3588	-0.2745	-0.0242	-0.2863	-0.2308	-0.365	-0.5024	-0.2707	-1.0417	-0.2142	0.3156	-1.0864	-0.3865	-0.901	-0.1884	-0.7978	-0.5098	-0.5668	-0.8851	-0.807	-0.1806	-0.0719	-1.1546
132	-0.0091	1.1054	-0.5298	-0.4109	0.8167	0	-0.3178	0.1659	-0.0033	0	0.4613	1.115	0	-0.2548	-0.6642	0.3299	-0.4656	-0.4573	-0.201	-0.4107	-0.7978	0.6504	0.7074	0
133	-0.1939	-0.1621	-0.7698	-0.7647	0.0778	-0.8336	-0.9396	-0.7806	0.0725	-1.9941	-0.1081	0.2275	-1.2795	-0.8505	-0.9518	-0.2694	-0.7305	-0.7456	-0.4083	-1.1295	-0.949	-0.2438	-0.4769	-1.1001
134	0	-0.0795	0	0	0	0	0	0	0	-1.1388	0	0	0	0	0	0	0	0	0	0	0	0	0	-0.6759
135	0	0	0	0	0	0	0	0	0	0	0	0	0	0	0	0	0	0	0	0	0	0	-0.0341	0
136	0	0	0	0.1179	0	0	0	0	0	0	0	0	0	0	0	0	0	0	0	0	0	0	0	0
137	0	0	0	0	0	0	0	0	0	0	0	0	0	0	0	0	0	0	0	0	0	0	0	0
138	0	0	0	0	0	0	0	0	0	0	0	0	0	0	0	0	0	0	0	0	0	0	0	0
139	0	0	0	0	0	0	0	0	0	0	0	0	0	0	0	0	0	0	0	0	0	0	0	0
140	0	0	0	0	0	0	0	0	0	0	0	0	0	0	0	0	0	0	0	0	0	0	0	0
141	0	0	0	0	0	0	0	0	0	0	0	0	0	0	0	0	0	0	0	0	0	0	0	0
142	0	0	0	0	0	0	0	0	0	0	0	0	0	0	0	0	0	0	0	0	0	0	0	0
143	-0.1598	-0.2565	-0.2809	-0.2793	0	-0.4063	-0.4046	0	-0.7755	0	0	-0.0391	-0.3075	0	-0.1605	-0.2583	0	0	0	-0.3139	0	0	-0.169	0.136
144	0	0	-0.6185	0	-0.1208	0	0	-0.5103	0	-0.3013	-0.2232	-0.61	0	0	0	-0.4834	0	-0.2027	-0.5562	0	-0.1472	-0.0836	0	0
145	0	0	0	0	-0.7207	0	0	0	0	0	0	0	0	0	0	0	0	0	0	-0.7378	0	0	0	0
146	0	0	0	0	0	0	0	0	0	0	0	0	0	0	0	0	0	0	0	0	0	0	0	0
147	0	0	0	0	0	0	0	0	0	0	0	0	0	0	0	0	0	0	0	0	0	0	0	0
148	0	0	0	0	0	0	0	0	0	0	0	0	0	0	0	0	0	0	0	0	0	0	-0.1007	0
149	0	0	0	0	0	0	0	0	0	0	0	0	0	0	0	0	0	0	0	0	0	0	0	0
150	0	0	0	0	0	0	0	0	0	0	0	0	0	0	0	0	0	0	0	0	0	0	0	0
151	0	0	0	0	-0.4595	0	0	0	0	0	0	0	-0.4051	0	-0.3028	-0.4695	-0.2948	0	0	0	0	0	-0.4841	0
152	-0.6762	-0.6484	-0.6526	-0.32	-0.7742	-0.6835	-0.5734	-0.7041	-0.7324	-0.8822	-0.7985	-0.7975	-0.8333	-0.9296	-0.5542	-0.8771	-0.6498	-0.5457	-0.8183	-0.6868	0	-0.4671	-0.7087	-0.7235
153	0	0	0	0	0	0	0	0	0	0	0	0	0	0	0	0	0	0	0	0	0	0	0	0
154	0	0	0	0	0	0	0	0	-0.7065	0	0	0	0	0	0	0	0	0	0	0	0	0	0	0
155	-1.0733	-1.2766	-1.1759	-1.2369	-1.6159	-2.0288	-0.9292	-0.6743	-1.6499	-1.0526	-1.0061	-2.0314	-1.3121	-2.4375	-0.9017	-1.2269	-1.8313	-1.0985	-0.9479	-1.1342	-1.6007	-0.6996	-1.2033	-1.7608
156	-0.5734	-1.252	-0.9297	0	-1.1337	-1.0044	0	-0.3725	-1.1313	-0.8472	-1.6061	-1.2913	-1.0423	-2.4159	-0.7054	-1.0024	-1.2328	-0.9632	-1.191	-0.8402	-1.3638	-0.6117	-1.1118	-2.2453
157	-0.363	0	0	0	0	0	0	0	0	0	0	0	0	0	0	0	0	0	0	0	0	0	0	0
158	0	0	0	-0.6707	-0.7967	-0.7879	0	-0.0535	-0.715	-0.5694	-1.0018	-0.7346	-0.6273	0	0	0	-1.0102	0	0	-0.6077	-0.7846	-0.545	0	0
159	0.6052	0.2818	0.1593	0.7067	0.147	0.2447	0.151	1.2246	0.5853	0.3204	-0.2364	0.2596	0.4382	-0.3775	0.5437	0.3832	-0.1249	0.0297	0.2573	0.2596	0.3676	0.5084	0.5632	-0.3093
160	-0.7214	-0.9608	-1.3437	-0.7847	0	-0.771	-0.978	-0.0317	-0.4743	-1.0706	-1.8735	-0.6068	-0.9481	-1.3334	-0.8225	-1.0814	-1.6773	-1.4646	-0.9083	-1.0193	-0.6183	-0.976	-0.7523	-1.7904
161	0.4935	-0.8046	-1.2242	0	-0.2016	-0.5208	-0.9607	-0.5139	-0.6632	-0.6872	-1.105	-0.6143	-0.8643	-0.9213	-0.9457	-0.4877	-0.8494	-0.8403	-0.7541	-0.316	-0.4238	-1.197	-0.1729	-0.9054
162	-0.2181	-1.1992	-1.2335	-1.2126	-0.6435	-0.7779	-1.4587	-1.1128	-0.8496	-1.1593	-1.2239	-1.4147	-0.9725	-1.1231	-1.4324	-0.7746	-0.7833	-1.1871	-1.0997	-0.9843	-0.693	-1.3719	-1.0626	-1.0585
163	-0.8746	-2.2013	-2.186	-2.1685	-1.5204	-2.1402	-2.7194	-2.3624	-1.8131	-2.6864	-2.3892	-2.4607	-2.1899	-1.8916	-2.6104	0	-1.5824	-2.1254	-1.7887	-2.0695	-1.8824	-2.1846	-2.2053	-1.727
164	-0.4523	-1.996	-1.7085	-1.8514	-2.7811	0	-2.7014	-2.431	-2.3505	-2.2966	-1.7485	-1.8885	-2.5494	-1.7483	-2.7454	-2.2608	-1.6115	-1.5602	-2.1546	-1.74	-1.8208	-2.4067	-1.6604	-1.8253
165	0	0	0	0	0	0	0	-1.6277	0	-1.7313	0	0	0	0	0	0	0	0	-1.1393	-0.9741	0	0	0	0
166	0	0	0	0	0	0	0	-1.178	0	0	0	0	-0.7593	0	0	0	0	0	0	0	0	0	0	0
167	0	0	0	0	0	0	0	0	0	0	0	0	0	0	0	0	0	0	0	0	0	0	0	0
168	0	0	0	0	0	0	0	0	0	0	0	0	0	0	0	0	0	0	0	0	0	0	0	0
169	0	0	0	0	0	0	0	0	0	0	0	0	0	0	0	0	0	0	0	0	0	0	0	0
170	0	0	0	0	0	0	0	0	0	0	0	0	0	0	0	0	0	0	0	0	0	0	0	0
171	0	0	0	0	0	0	0	0	0.1333	0	0	0.0874	0	0	0	0	0	0	0	0	-0.0114	0.1546	0	0
172	0	0	0	0	0	0	0	0	0	0	-0.0479	0	0	0	0	0	0	0	-0.1131	0	0	0	0	0
173	0	0	-0.0669	0	0	0	-0.2825	0	-0.5696	0	0	0	0	0	0	0	0	0	0	0	0	0	0	0
174	0	0	0	0	-0.4052	0	0	-0.7132	0	-0.3134	-0.3179	0.0122	0	0.1296	-0.1678	-0.5233	-0.4374	-0.0204	-0.4491	-0.1023	-0.4913	0.0871	-0.3488	0.0931
175	-0.6108	0	0	0.027	-0.1024	0	0	-0.4587	-0.9247	-0.1898	-0.1697	-0.0236	0	0.0946	-0.0681	-0.3727	-0.068	0.1483	-0.2514	-0.0488	-0.3472	0.1992	-0.2633	0.0647
176	-0.0315	-1.06	0.3267	0.5047	0.4103	-0.4957	-0.343	-0.0281	-1.2688	0.1932	0.1535	0.201	-0.3398	0.4969	0.3206	-0.0432	0.4579	0.4762	0.1618	0.2677	0.2104	0.6611	-0.0129	0.4483
177	1.4641	0.0297	1.2798	1.662	1.551	1.0901	0.4527	1.7994	0.1061	1.4109	1.4155	1.4473	0.2832	1.5574	1.4797	1.3564	1.5652	1.479	1.4109	1.3681	1.5241	1.5767	1.1774	1.5664
178	0.6119	-0.169	0.4866	0.6005	0.6999	0.1417	0.0819	1.3323	-0.2483	0.5682	0.5479	0.6334	-0.0172	0.6972	0.526	0.5581	0.5914	0.6289	0.549	0.4724	0.6408	0.72	0.3603	0.7183
179	0.3306	-0.2736	0	0.3237	0.4532	0.0799	0.0501	2.1503	-0.0777	0.3417	0.2681	0.3347	-0.0565	0.5884	0.3694	0.3786	0.235	0.3443	0.2632	0.2136	0.3099	0.3784	0.1424	0.462
180	0.4552	-0.078	0.4305	0.7142	0.327	0	0.0886	1.1683	0	0.2392	0.214	0.4745	0.2967	0.5706	0.4574	0.3756	0.1734	0.2759	0.2642	0.1168	0.173	0.2957	0.2888	0.5622
181	0.2972	0.1622	0	0.5763	0.1165	0.8484	0	0	0.8985	-0.2567	0	0.2568	0	0	0.539	0.0301	0	-0.0521	0.0645	0	0	-0.1267	-0.2851	0.206
182	0	0	0.6048	0	0	0	0	0	0.3296	0	0	0	0	0	0	0	0	0	0	0	0	0	0	0
183	0	0	-0.1244	0	0	0	0	0	-0.6169	0	0	0	0	0	0	0	0	0	0	-0.1969	0	0	0	0
184	0	0	0	0	0	0	0	0	0	0	0	0	0	0	0	0	0	0	0	0	0	0	0	0
185	0	0	0	0	0	0	0	0	0	0	0	0	0	0	0	0	0	0	0	0	0	0	0	0
186	0	0	0	0	0	0	0	0	0	0	0	0	0	0	0	0	0	0	0	0	0	0	0	0
187	0	0	0	0	0	0	0	0	0	0	0	0	0	0	0	0	0	0	0	0	0	0	0	0
188	0	0	0	0	0	0	0	0	0	0	0	0	0	0	0	0	0	0	0	0	0	0	0	0
189	0	0	-0.5603	0	0	-0.5669	0	0	0	0	0	0	-0.5952	0	0	-0.4302	-0.2402	0	0	0	0	0	-0.7077	0
190	0	0	0	0	0	0	0	0	0	0	0	0	0	0	0	0	0	0	0	0	0	0	0	0
191	0	0	0	0	0	0	0	0	0	0	0	0	0	0	0	0	0	0	0	0	0	0	0	0
192	-0.9772	-1.2974	-1.3102	-1.112	-1.4701	-1.2824	-1.4514	0	0	0	-1.3955	-1.3998	-1.1045	-1.3265	0	-1.2269	-0.4854	0	-1.0202	-1.1974	-0.7817	-0.8983	0	-0.9433
193	-0.5648	-0.9687	-0.6363	-0.6429	-0.9403	-0.8421	-0.7632	-0.5827	-0.7923	-0.734	-0.9391	-1.0616	-0.6387	-0.869	0	-0.8966	-0.5234	-0.5525	-0.5634	-0.7713	-0.5941	-0.5704	-0.7848	-0.5681
194	0	0	0	0	0	0	0	0	0	0	0	0	0	0	0	0	0	0	0	0	0	0	0	0
195	0	0	0	0	0	0	0	0	0	0	0	0	0	0	0	0	0	0	0	0	0	0	0	0
196	-1.2104	-1.6875	-1.3311	-1.8647	-2.4256	-2.1488	-1.6993	-1.1495	-1.7503	-1.4583	-2.4474	-2.2879	-1.3737	-2.1985	-1.7069	-2.5684	-0.901	-1.1016	-0.8096	-1.7388	-1.0537	-1.385	-1.3924	-0.9751
197	-1.0576	-1.2537	-1.2683	-1.6301	0	-2.0911	-1.7541	-1.1282	-1.5834	-1.3165	-1.6394	0	0	-1.645	-1.5385	0	0	-0.9639	-0.9856	-1.694	0	-1.2733	-1.2141	-1.317
198	0	0	-0.9864	0	0	0	0	0	-1.2502	0	0	-1.1199	-1.0175	0	0	0	0	0	0	0	0	0	0	0
199	0	0	0	-1.1268	0	0	0	-1.1023	-1.1542	0	0	0	0	0	0	0	0	0	0	0	0	-1.2708	0	0
200	0	0	0	0	0	0	0	0	0	0	0	0	0	0	0	0	0	0	0	0	0	0	0	0
201	0	0	0	0	0	0	0	0	0	0	0	0	0	0	0	0	0	0	0	0	0	0	0	0
202	0	0	0	0	0	0	0	0	0	0	0	0	0	0	0	0	0	0	0	0	0	0	0.171	0
203	0	0	0	0	0	0	0	0	0	0	0	0	0	0	0	0	0	0	0	0	0	0	0	0
204	0	0	0	0	0	0	0	0	0	0	0	0	0	0	0	0	0	0	0	0	0	0	0	0
205	0	0	0	0	0	0	0	0	0	0	0	0	0	0	0	0	0	0	0	-0.5324	0	0	-0.4781	0
206	-0.8899	0	0	-0.367	0	-0.4748	-0.5722	0	-0.8742	0	-0.4148	-0.6637	-0.4447	-0.6483	-0.4217	-0.4949	-0.4116	0	-0.6082	0	-0.9355	-0.1618	-0.4774	0
207	-1.5885	-0.5952	-0.4754	-0.8337	-0.8744	-0.8437	-1.1351	-1.7284	-1.8839	-0.7503	-0.5384	-1.3166	-1.3695	-1.6153	-0.6964	-0.8454	-0.6623	-0.6209	-1.3755	-0.7901	-2.2171	-0.5013	-0.8295	-0.9274
208	0	0	0	0	0	0	0	0	0	-0.8021	0	-1.3791	0	-1.1678	0	0	0	-0.7929	0	0	0	0	0	0
209	0	0	0	0	0	0	0	0	0	0	0	0	0	0	0	0	0	0	0	0	0	0	0	0
210	-0.0479	-0.139	-0.2358	0.0337	-0.4479	-0.6597	-1.0729	-0.561	-0.3202	0.3112	-0.0525	-0.8064	-0.7292	-0.3248	-0.546	0.0713	-0.0016	-0.2627	-0.5626	-0.2377	-1.0124	-0.437	-0.4834	-0.7276
211	-1.0383	-1.7675	-1.3625	-1.0359	-1.3245	-1.3669	-1.9001	-1.2902	-1.2197	-0.8185	-0.7999	-1.7743	-1.8427	-1.9138	-1.3414	-1.2524	-1.1	-2.192	-1.4235	-1.3894	-1.7192	-1.9484	-1.5263	-1.566
212	0	0	0	0	0	0	0	0	0	-0.4433	0	0	0	-1.7413	0	-0.912	0	0	0	0	-1.1117	-1.5443	0	-1.0219
213	0	0	0	0	0	0	0	0	0	0	0	0	0	0	0	0	-1.4665	0	0	0	0	0	0	0
214	-1.3802	-2.1847	-1.9667	-1.1815	-1.9631	-1.7785	-2.1156	-1.7933	-1.6877	-0.9741	-0.7522	-2.1358	-2.0044	-1.9838	-2.2388	-2.0281	-2.2523	-2.2799	-2.1987	-1.6316	-2.1724	-2.2791	-2.3946	-2.2326
215	-1.2741	-2.695	-2.5711	-1.293	-1.055	-2.317	-2.5753	-1.6713	-1.9375	-0.6188	-1.3174	-1.1128	-2.1418	-2.43	-2.0294	-1.8193	0	-2.8785	-2.6197	-2.1114	-2.1182	-2.5604	-2.371	-2.1366
216	0	-1.8545	-1.4376	0	0	-1.0578	-1.1457	-0.7939	0	-1.4943	-0.3304	0	-1.0111	-1.1609	0	0	-2.25	-1.3417	-1.7714	0	0	-1.32	-1.8954	-0.8365
217	0.4859	-0.3718	-0.079	0.3278	0.1599	0.2593	0.0016	0.2669	0.18	0	0.6194	0.2835	0.4854	-0.1065	0.1556	0.1457	0	0.073	-0.4977	0.1656	0.238	-0.0809	-1.8191	0.0233
218	-0.2251	-0.3987	-0.578	0	-1.1296	0	-0.6961	-0.4547	0	-1.0656	0.2242	-0.8543	0.1334	-0.8529	-0.8431	-0.731	-2.8712	-0.2908	-1.9668	0	-0.4734	0	-2.0147	-1.244
219	0.2651	0.377	0.6242	0.4657	-1.1831	-0.2026	-0.256	0.1249	0.3421	-0.0137	0.7269	-0.2054	1.0955	0.2629	-0.1533	-0.0362	0	0.6554	-0.5716	0.4493	-0.0082	0.262	0	-0.7498
220	-1.7981	-1.3182	-1.4394	-1.5995	-2.4442	-1.4293	-1.6771	-1.8192	-1.656	-1.8445	-1.2447	-2.0426	-0.8433	-1.6612	-1.8838	-1.8914	-2.995	-1.5583	-1.7526	-1.45	-1.8402	-1.3167	-2.7309	-2.1548
221	-1.957	-1.2751	-1.4537	-1.913	-2.5854	-0.8754	-1.7637	-2.0918	-1.7831	-1.6487	-1.3232	-2.3232	-0.4774	-2.256	-2.1799	-2.2578	-3.2748	-1.8585	0	-1.6196	-1.9301	-0.7203	-2.4991	-2.4532
222	0	-0.6671	-0.4636	-0.8903	-1.3872	-0.5383	-1.0311	0	-0.4447	-0.6998	-0.436	-1.3057	0.3033	-0.8785	-1.0617	-0.9609	-2.0186	-0.4049	-0.5027	-0.6377	-1.0945	-0.1843	-1.2644	-1.2424
223	-0.2718	-0.1237	0.2987	0	0	-0.229	-0.4422	-0.5151	-0.0868	-0.1571	0.2464	-0.3782	0.6879	-0.0336	-0.5119	-0.5016	-1.4002	0.1874	-0.1425	-0.002	-0.2307	0.3157	-0.7112	-0.6821
224	0.2234	0.5956	1.1703	0.3511	0.1909	0.0679	0.1315	-0.0797	0.8843	0.2789	0.9955	0.9358	1.3827	0.7279	0.2881	0.1438	-0.5097	0.7201	0.1792	0.4948	0.703	1.2104	0.6206	-0.118
225	-0.4482	-0.2328	-0.055	-0.2695	-0.4282	-0.2086	-0.2841	-0.4054	0.0791	-0.0652	0.2179	0.127	0.2994	-0.0031	-0.119	-0.0922	-0.9955	-0.1979	-0.2031	-0.1963	-0.0971	0.2979	-0.0927	-0.4216
226	0	-0.4417	0	0	-0.5972	-0.2505	0	0	-0.291	0	0	-0.2302	0	0	0	0	0	0	-0.5126	0	-0.3883	0	0	-0.8853
227	0	0	0	0	0	0	0	0	0	0	0.5505	0.2863	0	0.4994	0	0	0	0.2791	0	0	0	0	0.167	0
228	0	-0.4379	-0.1865	0	0	0	0	0	0	0	0	-0.0473	0	0	0	0	0	0	0	0	-0.2316	-0.0983	0	-0.2803
229	-0.5013	-0.8535	-0.1847	-0.3981	-0.6253	-0.492	-0.4025	-0.5105	-0.223	-0.9046	-0.2475	-0.4886	-0.336	-0.3948	-0.5973	-0.7559	-0.5406	-0.4991	-0.6094	0	-0.5425	-0.2665	-0.4115	-0.4443
230	0	0	0	0	0	0	0	0	0	0	0	0	0	0	0	0	0	0	0	0	0	0	0	0
231	0	0	0	0	0	0	0	0	0	0	0	0	0	0	0	0	0	0	0	0	0	0	0	0
232	0	0	0	0	0	0	0	0	0	0	0	0	0	0	0	0	0	0	0	0	0	0	0	0
233	0	0	0	0	0	0	0	0	0	0	0	0	0	0	0	0	0	0	0	0	0	0	0	0
234	0	0	0	0	0	0	0	0	0	0	0	0	0	0	0	0	0	0	0	0	0	0	0.1324	0
235	0	0	0	0	0	0	0	0	0	0	0	0	0	0	0	0	0	0	0	0	0	0	0	0
236	0	0	0	0	0	0	0	0	0	0	0	0	0	0	0	0	0	0	0.0024	0	0	0	0	0
237	0	0	0	0	0	0	0	0	0	0	0	0	0	0	0	0	0	0	0	0	0	0	0	0
238	0.2012	0	0	0.1944	0	0	0	0	0.2191	0	0	0	0	0	0	0	0	0	0	0	0	0	0	0
239	0	0	0	0	0	0	0.0031	0	0	0	0	0	0	0	0	0	0	0	0	0	0	0	0	0
240	0	0	0	0	0	0	0	0	0	0	0	0	0	0	0	0	0	0	0	0	0	0	0.0482	0
241	0	0	0	-0.0425	0	0	0	0	0	0	0	0	0	0	0	0	0	0	0	0	0	0	0	0
242	0	-0.544	0	0	0	0	0	0	0	-0.6799	0	0	0	0	0	0	0	-0.6725	0	-0.8544	-0.1874	0	0	0.5583
243	0	0	-0.6516	-0.4666	0	0	0	0	0	0	0	0	0	0	0	0	0	0	0	0	0	0	0	0
244	0	0	0	-0.485	-1.0746	0	0	0	1.3094	-1.101	0	0	-0.6826	0	-0.8365	0	0	0	0	0	-0.2289	0	-0.3505	0.775
245	-2.4639	-2.0003	-1.7974	-0.2085	-1.7695	-2.3209	-1.7963	-1.475	0.4185	-2.337	-2.317	-1.1519	-1.7937	-2.6945	-2.0925	-0.8897	-1.0345	-1.7393	-1.5484	-2.6564	-1.7467	-1.198	-1.2884	0
246	-1.2613	0	-0.968	-0.1648	-1.0596	-1.2785	-0.837	-0.831	0.8775	-1.4403	-1.4382	-1.0333	-1.2138	-1.5239	-1.5961	-0.1593	-1.1496	-1.1385	-1.2017	-1.8753	-0.7816	-0.8133	-0.8512	-0.1398
247	-0.6185	-0.0956	-0.0755	0.1051	0.0528	-0.1471	0.1746	0.4665	1.2517	-0.3787	-0.5434	-0.0248	-0.2076	-0.1785	-1.0201	-0.0158	-0.211	0.0051	0.1331	-0.8472	0.3503	-0.2429	0.0607	0.0883
248	-1.1128	0.0584	0.1549	-0.0036	0.6024	0.3952	0.8546	1.2903	1.1696	0.2316	-0.7728	0.2565	0.5927	-0.2925	-0.8124	-0.0959	0.0906	1.199	0.8506	-0.4133	1.3236	0.2179	0.3127	-0.2352
249	-2.0644	-0.9277	0	-1.1036	-0.8745	-0.9966	0.062	0.1112	0.1462	-0.7158	-1.4929	-1.1504	-0.7147	-1.7862	-1.1092	-0.616	-1.0958	0.1954	-1.0511	-1.8903	0.3225	-1.0326	-0.8852	-0.9186
250	0	0	0	-0.7318	0	-0.7349	-0.0708	0	0	0	0	0	0	0	0	-0.0353	-0.5615	0	0	0	0.4629	0	-0.3516	0.2882
251	-1.6263	-1.0229	-0.3093	-0.9407	-0.8486	0	0	-0.9558	-0.4068	-1.0732	-1.1638	-1.2291	-0.4928	-1.7721	-0.7391	0	0	-0.8753	-1.3895	-1.501	0.2141	-1.4743	0	0
252	0	0	0	0	0	0	0	0	0	0	0	0	0	0	0	0	0	0	0	0	0	0	0	0
253	-1.2914	-0.6537	-0.5919	-0.9491	-0.5502	-0.651	-0.4236	-1.7286	-1.337	-1.0766	-1.0326	-0.7691	-0.9248	-1.0919	-1.3522	-0.0341	-1.0236	-0.6449	-0.8792	-1.2814	-0.2921	-1.5603	-0.2622	-0.562
254	-2.108	-1.4742	-0.4675	-1.5199	-1.1257	-0.9415	-0.894	-1.8603	-1.7799	-1.1938	-1.5	-1.2477	-0.6042	-1.612	-1.4057	-0.5888	-1.3802	-0.9442	-1.0647	-2.0117	-0.7835	-2.403	-0.6598	-0.9745
255	0	0	0	0	0	0	0	0	-0.9696	0	0	0	0	0	0	0	0	0	0	0	0	0	0	0
256	0	0	0	-0.8836	0	0	-0.8064	-1.6298	-1.0778	0	0	0	0	0	0	0	0	0	0	0	-0.8772	0	0	0
257	-0.819	-1.6234	-0.7756	-0.9369	-1.1746	-1.2374	-1.1114	-1.4536	-0.933	0	0	-1.0714	-1.3851	-1.141	-0.744	-0.9432	-1.5137	-0.8996	-0.9044	-1.0913	-1.129	-1.1228	-1.0723	-0.8227
258	0	-1.4192	0	-0.9754	-1.1499	-0.752	-1.1335	-1.7143	0	-0.7531	-1.3923	0	0	0	0	-1.2726	-0.8802	-0.7185	-0.6481	-0.8313	-0.8928	-0.8293	-1.028	-0.9318
259	0	0	0	0	0	0	0	0	0	0	0	0	0	0	0	-0.2525	0	0	0	0	0	0	0	0
260	0	0	0	0	0	0	0	0	0	0	0	0	0	0	0	0	0	0	0	0	0	0	0	0
261	-0.8134	-1.45	0	-0.1956	0	-1.4949	0	-0.9727	0.2779	0	0	0	0	-1.1941	-0.1729	0	0	-0.8241	-1.0101	0	-0.8257	-1.2385	-0.9908	0
262	-1.6502	-2.0752	0	-0.3403	0	0	0	0	0.7381	0	0	-0.1979	-1.3088	0	-0.8672	0	-1.5637	0	0	0.1678	0	0	0	0
263	0	0	0	-1.2732	0	0	0	-1.1733	-0.6205	-1.9424	0	-0.6494	-1.2195	-2.1819	0	0	-0.9518	0	0	-0.5262	0	0	0	0
264	-1.28	-2.086	-1.5897	-2.1712	-2.2361	-2.1374	-2.1139	-1.538	-1.5675	-1.2796	-2.3367	-1.271	-1.4291	-2.1016	0	-1.6071	-0.6417	-1.376	-1.2312	-0.888	-1.552	-1.9855	-1.3945	-1.215
265	0	0	0	0	0	0	0	0	0	0	0	0	0	0	0	0	0	0	0	0	0	0	0	0
266	0	0	0	-1.0361	0	0	0	0	0	0	0	0	0	0	0	0	0	0	0	0	0	0	0	0
267	0	0	0	0	0	0	0	0	0	0	0	0	0	0	0	0	0	0	0	0	0	0	0	0
268	0	0	0	0	0	0	0	0	0	0	0	0	0	0	0	0	0	0	0	0	0	0	0	0
269	0	0	0	0	0	0	0	0	0	0	0	0	0	0	0	0	0	0	0	0	0	0	0	0
270	0	0	0	0	0	0	0	0	0	0	0	0	0	0	0	0	0	0	0	-0.0699	0	0	0	0
271	0	0	0	0	0	0	0	0	0	0	0	0	0	0	0	0	0	0	0	0	0	0	0	0
272	0	0	0	0	0	0	0	0	0	0	0	0	0	0	0	0	0	0	0	0	0	0	0	0
273	0	0	0	0	0	0	0	0	0	0	0	0	0	0	0	0	0	0	0	0	0	0	0	0
274	0	0	0	0	0	0	0	0	0	0	0	0	0	0	0	0	0	0	0	0	0	0	0	0
275	0	0	0	0	0	0	0	0	0	0	-0.1903	-0.2293	0	0	-0.176	-0.319	0	0	0	0	-0.6445	-0.253	0	-0.0077
276	0	0	0	0	0	0	0	0	0	0	0	0	0	0	0	0	0	0	0	0	0	0	0	0
277	0	-1.1475	0	0	0	-0.9492	-0.494	0	0	0	0	0	0	-1.0292	0	0	0	-0.7378	-1.1048	0	0	0	0	-1.0198
278	-0.7462	0	0	-1.1389	-0.5994	0	0	-0.9546	-1.8004	-1.809	-0.571	-1.0358	0	0	-0.8877	-1.0886	0	0	0	-1.2723	-0.6823	0	0	-1.2497
279	-1.1003	-1.4984	-1.2455	-1.841	-1.05	-1.9899	-0.9647	-1.7765	-2.4594	-2.4207	-0.983	-1.4061	-1.365	-1.6834	-1.3765	-1.7902	-2.4562	-1.8922	-2.5686	-1.9702	-1.4583	-1.8359	-1.4185	-1.7044
280	-1.1063	-1.5001	-1.1451	-1.8166	-0.7972	-1.6739	-1.1408	-1.6784	-1.5088	-1.907	-1.1008	-0.9614	-1.0504	-1.4256	-1.3442	-1.402	-2.048	-1.6185	-1.803	0	-1.1152	-2.1306	-1.2863	-2.167
281	0	0	0	-1.4507	0	0	0	0	-0.9012	0	0	0	0	0	0	0	0	0	0	0	0	0	0	0
282	-0.4649	-0.64	-0.4079	0	-0.2381	-0.9423	-0.1616	-0.5102	0	-0.7769	-0.4554	-0.7021	-0.6912	-0.2505	-1.6533	-0.9317	-0.3438	-0.7376	-0.7654	-0.4695	-0.509	-1.331	-1.0351	-1.1823
283	-1.3842	-1.337	-1.2859	-2.0943	-1.3083	-1.5933	-1.2226	-1.3811	-0.9189	-1.5236	-1.4586	-1.1909	-1.3785	-1.4355	-1.6879	-1.5512	-1.662	-1.8905	-1.6237	-1.8808	-1.1993	-2.0291	-1.2448	-2.2399
284	-1.6067	-1.3973	-1.436	-2.5727	-1.6179	-2.0994	-1.5407	-1.417	-1.272	-1.6679	-1.9954	-1.7304	-1.3922	-1.3687	-1.8739	-2.0009	-1.8706	-2.6099	-1.5158	-2.4165	-1.3765	-2.5133	0	-2.8685
285	-1.7111	-1.6139	-1.5178	-1.8274	-1.617	-2.0968	-1.5809	-1.5057	-1.1165	-1.4798	-1.9346	-1.8025	-1.4995	-1.1864	-2.1783	-2.1441	-1.2499	-1.8414	-1.6575	-1.5682	-1.7099	-2.2951	-1.7018	-2.2386
286	0	0	-0.9756	0	0	0	0	0	-0.6472	0	0	0	0	0	0	0	0	0	-1.0772	0	0	0	0	0
287	-1.0754	-1.1549	-0.8867	-1.1612	-0.8842	-1.2904	-1.3789	-0.764	-0.7308	-0.9762	-1.0917	-0.9392	-0.7741	-0.9359	-1.2881	-1.1658	-0.8423	-1.296	-0.9202	-1.1348	-1.076	-1.1722	-1.0393	-1.1171
288	-1.0819	0	0	0	0	0	-1.5706	-0.7981	0	0	0	0	0	-0.6163	0	0	0	0	0	0	0	-0.776	0	-1.0544
289	-1.1176	-1.1756	-1.199	-0.9892	-1.451	-1.5236	-1.1596	-1.0834	-0.946	-1.371	-1.2309	-1.5088	-0.8894	-0.7867	-1.3919	-1.6875	-1.3933	-0.9552	-0.8999	-1.8272	-1.2703	-0.7183	-1.1074	-0.6396
290	-1.3271	-1.8741	-1.1856	-1.6135	-1.7446	-2.4378	-2.3011	-1.337	-1.3791	-2.1047	-2.0261	-2.1349	-0.9708	-1.422	-2.0276	-2.5871	-1.9357	-1.5369	-1.2047	-2.2448	-1.6029	-1.6402	-1.4409	-1.7762
291	0	0	0	0	0	0	0	0	0	0	0	0	0	0	0	0	0	0	0	0	0	0	0	0
292	0	0	0	0	0	0	0	0	0	0	0	0	0	0	0	0	0	0	0	0	0	0	0	0
293	-1.7065	-1.4692	-1.1907	-0.9422	-2.2424	-1.7393	0	-1.0375	-1.7501	-1.3148	-1.5801	-1.9398	-1.3993	-1.5107	-1.6788	-2.1547	-1.4922	-1.4555	-2.233	-1.8657	-1.5667	-1.8275	-1.1244	0
294	-0.9242	0	-0.7564	0	-1.4038	-1.0705	-1.3226	-0.6641	0	-0.9435	-1.1117	-1.038	-0.5772	-0.9563	-0.9339	-1.2476	-1.0581	-0.9586	0	-1.5294	-1.1902	-1.1923	0	-1.0336
295	0	0	0	0	0	0	0	0	0	0	0	0	0	0	0	-0.6081	0	0	0	0	0	0	0	0
296	-0.4469	0	0	-0.7502	0	0	0	0	0	0	0	0	0	0	0	0	0	0	0	0	0	0	0	0
297	-1.078	-1.2973	-1.4167	-1.1131	-2.3721	-1.5086	-1.7998	-1.5113	-1.0584	-1.3694	-1.7965	-1.4193	-1.9461	-2.0311	-1.7164	-1.5809	-1.7647	-1.3634	-1.9005	-2.3841	-2.4703	-2.2309	-1.3076	-1.3699
298	-1.0351	-0.8023	-0.9399	-1.023	-1.7941	-0.7111	-0.8123	-1.0313	-0.9438	-1.2177	-1.5591	-1.1454	-1.0442	-1.669	-1.0634	-0.7886	-1.05	-1.1055	-1.0971	-1.5463	-1.4811	-1.1135	-0.8394	-1.2724
299	-0.8253	-0.698	-0.5326	-0.7451	-1.2946	-0.5069	-0.7363	-0.7856	-0.9488	-1.2852	-0.9699	-1.0752	-0.4446	-1.5765	-0.899	-0.5417	-1.2131	-1.1083	-0.8651	-1.1345	-1.0401	-0.6858	-0.7131	-0.9413
300	0	0	-1.1262	0	-1.5994	-0.8808	-1.1297	-1.4785	0	-1.6861	-0.9102	-0.7538	-1.0654	-1.8687	-1.2683	-0.79	-0.9871	0	-1.1739	-1.2875	-1.3246	-1.0077	0	-0.8116
301	0	0	0	0	0	0	-0.8086	0	0	0	0	0	0	0	0	0	0	0	0	0	0	0	0	0
302	0	0	0	0	0	0	0	0	0	0	0	0	0	0	0	0	0	0	0	0	0	0	0	0
303	0	0	0	0	0	0	0	0	0	0	0	0	0	0	0	0	0	0	0	0	0	0	0	0
304	-1.2695	-1.0428	-1.5516	-1.3033	-1.3398	-1.2543	-1.135	-2.5541	-2.0887	-1.3123	-1.2582	-2.547	-1.0707	-1.8089	-1.2907	-1.302	-1.3484	-1.9933	-2.1689	-2.0036	-1.9695	-1.408	-1.3824	-1.9058
305	0	0	-1.6878	-1.5866	0	-1.1953	-0.8003	0	0	0	0	0	-1.2597	0	0	0	0	0	0	0	0	0	0	0
306	-2.752	-1.6369	-2.4471	-2.4521	-2.1862	-1.5703	-1.0242	-3.0451	-2.5454	-2.2372	-2.6496	-2.8913	-2.3315	-2.7543	-2.5187	-1.8479	-1.9546	-2.7834	-2.4596	-2.8684	-2.748	-1.7346	-2.5064	-2.8432
307	-2.4383	-1.4391	-1.949	0	-1.7555	-1.5046	0	-2.6253	-1.8364	-2.0015	-2.0971	-2.3937	-1.9402	-1.9674	-1.8276	-1.8838	-2.0871	-2.4723	-2.2464	-2.3372	-2.3149	-1.6457	-2.3716	-2.7713
308	-2.8933	-1.2892	-1.6006	-1.7364	-1.7787	-2.0498	-1.4548	-2.7105	-1.8318	-2.3128	-2.66	-2.4276	-2.2912	-2.0192	-2.1399	-2.5391	-2.5892	-2.7521	-2.7627	-2.8136	-2.6808	-2.3111	-2.8936	-2.9419
309	-2.2768	-1.1352	-0.9298	-2.1423	-0.8944	-1.482	-1.3197	-1.8965	0	-1.665	-2.1551	-1.7491	-2.0818	-1.9372	-1.7547	-1.9533	-1.9177	0	-2.3331	-1.6114	-1.5349	-1.6195	-2.1114	-2.2149
310	-1.5207	-0.5891	-0.2334	-1.2405	-0.2295	-1.0139	-0.7897	-1.7772	-0.8068	-1.1304	-0.863	-1.1423	-1.536	-1.6897	-0.8635	-1.1051	-1.0825	-1.6493	-1.4974	-1.0802	-1.072	-1.422	-1.7346	0
311	-0.7291	0	0	-0.8159	0.0497	-1.3047	0	-1.2284	0	-0.8948	0	-0.7852	-0.6959	-0.956	-0.4616	-0.8155	0	-1.7323	-1.4674	-0.679	0	-0.9859	-1.0339	-1.1999
312	0	0	0	0	0	0	0	0	0	0	0	0	0	0	0	0	0	0	0	0	0	0	0	0
313	0	0	0	0	0	0	0	0	0	0	0	0	0	0	0	0	0	0	0	0	0	0	0	0
314	0	0	0	0	0.0309	0	0	0	0	0	0	0	0	0	0	0	0	0	0	0	-0.0441	0	0	0
315	0.1344	0	0	0	0	0	0	0	0	0	0	0	0	0	0	0	0	0	0	0	0	0	0	0
316	0	-0.086	0	0	-0.2127	0	-0.3561	-0.1935	0	0	0	0	0	0	0	0	0	0	0.403	0	0	0	0	0
317	0	0	0	0	0	0	0	0	0	0	0	0	0	0	0	0	0	0	0	0	0	0	0	0
318	0	0	0	0	0	0	0	0	0	0	0	0	0	0	0	0	0	0	0	0	0	0	0	0
319	0	0	0	0	0	0	0	0	0	0	0	0	0	0	0	0	0	0	0	0	0	0	0	0
320	0	0	0	0	0	0	0	0	0	0	0	0	0	0	0	0	0	0	0	0	0	0	0	0
321	0	0	0	0	0	0	0	0	0.0421	0	0	0	0	0	0	0	0	0	0	0	0	0	0	0
322	0.0813	-0.9814	-1.4113	-1.4213	-0.7637	-1.1793	-1.4734	-0.7553	-0.6484	0.1044	-0.2129	0.2764	-1.173	-1.278	-0.9694	0.1851	-0.3043	-0.0116	-0.2157	-0.6083	-0.2376	-0.5493	-0.8282	-1.1891
323	1.1231	0.459	0.3914	0.2167	0.2704	-0.0187	0.4759	1.0182	0.9631	1.4079	-0.2235	1.3026	0	-0.0701	-0.0854	1.2242	0.3565	1.178	0.6371	0.2874	0.9602	0.162	0.2349	0.4462
324	-0.0056	0.5207	0	0	-0.1742	1.204	-0.7328	0	-0.1648	0	0	1.7964	-0.2193	1.1956	0.7091	0.1345	1.3179	0	1.5058	-0.4933	0.2167	0.614	1.2408	0
325	-1.1251	-0.8358	-1.3942	-1.1256	-1.2046	-0.3874	-1.3831	-1.2907	-0.9654	-1.061	-1.1978	-0.2999	-0.629	-0.2234	-0.8066	-0.7214	-0.4094	-0.9866	-0.0931	-1.1705	-0.8393	-0.3922	-0.518	-0.9954
326	-2.6652	-1.8693	-2.7436	-2.4216	-2.3488	-1.9387	-2.5868	-2.805	-2.2407	-2.6105	-2.478	-2.0729	-2.1839	-1.9327	-2.514	-2.0869	-2.0179	-2.3466	-1.9766	-2.7163	-2.2834	-1.7123	-2.1548	-2.101
327	-2.5626	-1.5245	-2.7414	-2.0153	-1.9501	-1.6233	-2.6082	-2.8215	-1.8643	-1.7495	-2.1496	-1.7443	-1.8542	-1.3798	-2.7971	-1.708	-1.813	-1.9225	-1.6418	-2.8701	-1.9773	-1.1605	-2.0519	-1.4649
328	0	0	0	0	0	0	0	0	0	0	-1.2791	0	0	0	0	0	0	0	0	0	0	0	0	0
329	-2.2161	-0.8665	-2.2721	-2.1289	-1.9047	-1.7356	-2.16	-1.7646	-1.7892	-2.0278	-1.819	-1.9425	-1.3926	-1.9276	-2.0234	-1.6502	-1.6571	-1.8391	-1.7915	-2.3053	-1.8182	-1.0222	-1.5828	-1.8219
330	-1.5812	-0.8281	-1.753	-1.3586	-1.1812	-1.1327	-1.3766	-1.4467	-0.9947	-1.3421	-1.1062	-1.3068	-1.4174	-1.2743	-1.7647	-0.9749	-1.4034	-1.1795	-1.2454	-1.6723	-1.0803	-0.9534	-1.4059	-1.0618
331	0	0	0	0	0	0	0	-1.2627	0	0	0	0	0	0	0	0	0	0	0	0	0	0	0	0
332	-1.0653	-0.1078	0	0	-1.0363	-0.6481	-0.7709	0	-0.1997	-0.5413	-0.7015	-0.992	0	0	-1.088	-1.0208	-0.9414	-0.4018	0	-1.3525	-1.1274	-0.648	-0.9775	-0.7018
333	-1.0395	-0.6289	-1.3225	-0.7212	-0.6794	-1.0319	-0.6644	-0.5334	-0.3243	-0.7489	-0.9204	-1.0672	-1.2173	-1.1952	-1.2515	-0.6497	-1.2724	-0.9723	-1.2803	-1.1504	-0.9123	-0.9422	-1.2105	-0.7383
334	-1.344	-1.361	-1.613	-0.6907	-1.0373	-1.4242	-0.9924	-1.0297	-0.8483	-1.2024	-1.1542	-1.5604	-1.6352	-1.4573	-1.7625	-1.0174	-1.4317	-1.463	-1.4781	-1.4727	-1.3592	-1.1821	-1.2634	-1.0519
335	0	0	0	0	0	0	0	0	0	0	0	0	0	0	0	0	0	0	0	0	0	0	0	0
336	-2.0443	-2.5653	-2.4722	-1.8332	-1.8224	-2.5748	-1.989	-1.1907	-1.0493	-1.3899	-2.2172	-2.3119	-2.6527	-2.2631	-2.5763	-2.1766	-2.725	-2.6153	-2.535	-2.3773	-2.7852	-2.5669	-2.6704	-1.8651
337	-1.8773	-2.085	-2.3452	-2.04	-0.9905	-2.143	-1.6127	-1.4327	-1.8143	-1.6257	-1.7622	-2.0041	-2.2951	-2.21	-2.2426	-1.532	-2.336	-2.3653	-2.1601	-2.1579	-2.1761	-1.8618	-2.244	-1.4063
338	-3.0256	-3.1766	-3.4682	-3.3257	0	-3.1907	-2.0495	-2.7912	-2.5946	-2.5094	-2.3717	-3.1801	-3.4028	-3.2666	-3.2519	-2.2339	-3.359	-3.2902	-3.3224	-3.2835	-3.4005	-2.6282	-3.276	-1.9223
339	-2.8803	-3.2813	-3.3919	0	-2.1218	-3.3039	-2.7258	-2.7752	-2.6828	-2.1644	-1.3458	-3.2049	-3.5329	-3.1876	-3.1832	-2.7386	-3.3289	-3.4294	-3.6173	-3.162	-3.2761	-3.385	-3.4533	-2.5677
340	-1.6069	0	-1.8037	0	-0.8684	0	0	-1.2551	-1.6571	-1.3948	0	-1.8458	-1.8768	0	0	-1.6659	-2.033	-2.2109	-2.0379	0	0	-2.0333	-2.2222	-1.344
341	-1.1097	0	0	0	1.1462	-0.9168	-0.2482	-0.2554	-0.6757	0	0	-1.1394	0	0	0	0	-1.2027	-1.9936	0	-0.9963	-1.2493	0	0	-1.0412
342	-1.0193	-1.6534	-1.5147	0	0.7278	-1.5688	-1.0234	-1.011	-1.1149	-1.3406	-1.1517	-1.3485	-1.7644	-0.8392	-1.2147	-1.698	-1.2183	-2.0291	-2.0586	-1.3161	-1.3326	-0.7095	-1.9001	-0.9649
343	-0.1898	-0.9203	0.019	0	1.5896	-0.823	-0.5056	0	0	0	0.1084	-0.1982	-0.9941	0.7539	-0.1563	-0.1576	0.0442	-0.7136	0	-0.3116	-0.2276	0.954	-0.5527	-0.0067
344	0	-1.0431	1.1427	0	1.3285	-0.5002	-0.5167	0	0	0.5164	1.3902	-0.3233	0.2311	0	-0.3572	0.5858	-0.4106	-0.3344	0	-0.4587	0.053	0.6565	-0.2418	0.2795
345	-0.8633	-1.7174	-0.4181	-1.5758	-0.0011	-1.8461	-1.6876	-1.43	0.061	0.775	0	-1.3285	-0.6277	-1.8205	-1.1806	0.1409	-1.1886	-1.1648	-1.9488	-1.9162	-1.2839	-1.7398	-0.8808	-0.3405
346	0.0201	-0.6025	-0.3997	0.5009	0.5616	0	-1.0491	0	1.2498	1.2824	1.5842	-0.9475	0.2705	0	0.0198	0.6069	-0.0555	0.4408	0	-1.308	0	0	0.3307	0.5846
347	0	-0.3866	0	-0.1743	0.6452	-0.8865	0	-0.206	0	-0.4879	0.9584	0	-0.4751	0	0	0.9563	0	0.2093	0.5308	-1.4452	0.2023	0	0.3599	0
348	-0.0628	-0.2071	0	-1.3715	0.1774	-0.4131	-0.7389	-0.3168	-0.246	0	0.5601	0	0	-0.7651	-0.1445	0.1235	-0.9888	0	0.2461	0	0.2512	-0.0843	0	-0.0795
349	-0.0825	-0.2771	-0.4214	-0.9421	-0.2134	-0.5281	-0.5982	-0.477	-0.393	0.904	0.5472	-1.0476	0.4763	-0.1474	0.0198	0	0.0943	0.4002	0	-0.4767	-0.2994	0.0336	-0.0997	-0.204
350	-0.2369	-0.2683	0	-0.1773	-0.664	-0.5895	-0.903	-0.4597	-0.116	0	0	0.1021	0	0.1045	-0.1208	-0.5728	0.6035	0.9654	0.2637	-0.4082	-0.5039	0.2094	0	-0.5119
351	-0.255	0.2162	0.1588	0.1349	0	-0.5593	-0.5531	-0.1707	-0.2908	2.0285	0.038	0.4184	1.4535	0.5232	-0.0017	-0.8327	0.9602	2.0089	1.1129	-0.3702	-0.6531	0.1395	0.3285	-0.5208
352	-0.9748	-0.3238	-0.6655	-0.0644	-0.8472	-1.4108	-0.8076	-0.3357	-0.9265	0.5337	0.0341	-0.2692	0.401	-0.4827	-0.2901	-1.6375	0.0686	1.0064	0.4051	-1.3104	-1.4516	-0.1496	-0.4874	-1.5401
353	-0.3244	0.0211	0.1454	0.0874	0	-0.6572	0	0.11	0.2053	0.274	0.3679	-0.0448	0.4485	-0.3806	0.0665	-0.6604	0.0239	1.0051	0.1946	-0.5105	-0.5471	-0.1352	0.0479	0
354	0	0	0	0	0	0	0	0	0	0	0	0	0	0	0	0	0	0	0	0	0	0	0	0
355	0	0	0	0	0	0	0	0.6357	0.9565	0.6265	0.2012	0	0	0	0.5005	0	0	1.0222	0	0	0	0	0	0
356	0	0	0	0	0	0	0	0	0	0	0	0	0	0	0	0	0	0	0	0	0	0	0	0
357	0.5682	0.7411	-0.574	-0.1689	0.4183	-0.0956	0.5705	0.2991	0.9791	0.8085	0.3036	1.551	0.5787	-0.1211	0.3074	0.799	0.3845	1.0663	0.7491	0.3635	0.5685	0.3719	0.0952	0.2978
358	0.2211	0.0663	-0.9072	-1.3312	0.4567	-1.477	-0.3084	-0.6447	0	-0.0946	0.1087	0	-0.5269	-0.6768	-0.1818	0.3101	-0.2912	0	-0.1869	-0.2914	0	0.0324	-0.4555	0.0723
359	0	0	0	0	0	0	0	0	-0.0598	0	0	0	0	0	0	0	0	0	0	0	0	0	0	0
360	0.0517	-0.3049	-0.6458	-0.6372	-0.4389	-0.4802	-0.9308	-0.7547	0.0478	-0.245	-0.3149	-0.3022	-0.6156	-0.4587	-0.2587	-0.3583	-0.2849	-0.4589	-0.2317	-0.0726	-0.6332	-0.2513	-0.4506	-0.6228
361	0	0	0	0	0	0	0	0	0	0	0	0	0	0	0	0	0	0	0	0	0	0	0	0
362	0.2349	-0.4308	-0.1762	-0.2107	-0.5352	-0.0872	-0.3136	-0.3411	0.2282	0.0447	0	-0.6592	-0.9737	0.0709	-0.46	-0.113	-0.3486	0	-0.282	0.6976	-0.8837	-0.3168	-0.59	-0.4518
363	-0.1333	0	-0.075	0	0	0	-0.1868	-0.442	-0.3018	-0.3464	0	0	0	-0.146	-0.7016	-0.4839	0	-0.2774	0	0	0	0	0	0
364	-0.6572	-0.7229	-0.4361	-0.7674	-0.9422	-0.5081	-0.5542	-0.8664	-0.7306	-0.6914	0	-1.2492	-0.8979	-0.7647	-0.865	-0.9911	-0.7464	0	-0.6932	-0.5762	-1.061	-0.9474	-0.8204	-1.1543
365	-0.7614	-0.826	-0.911	-0.8113	-1.0314	-0.8755	-0.8844	-0.9703	-0.7736	-1.1242	-1.0222	-1.278	-0.8747	-1.0188	-0.8433	-0.9202	-0.7774	-0.9456	-0.8827	-0.9052	-0.8004	-0.9923	-1.1991	-1.181
366	-0.7919	-1.4359	-1.1116	-1.0325	-1.5089	-1.0561	-0.8507	-1.2	-0.8309	-1.1918	-0.7779	-1.7259	-1.5846	-1.4034	-0.9983	-1.0991	-1.286	-1.4444	-1.221	-1.1866	-0.7922	-1.282	-1.8747	-1.6587
367	-1.0268	-1.4922	0	-1.6728	-1.8508	-1.5483	-1.0156	-1.7541	-1.7946	-2.0039	-0.6903	-2.3622	-2.1351	-1.548	-1.7197	-1.9695	-1.8283	-1.6925	-1.2655	-0.8552	-1.3727	-1.8685	-2.5992	-2.3247
368	0	0	0	0	0	0	0	0	0	0	0.6058	-1.6399	0	0	0	0	0	-1.1272	0	0	0	0	0	0
369	0	-1.5512	-1.1339	-0.8419	0	-1.2574	-1.0287	0	-0.9767	-1.4011	-0.411	-1.6283	-1.5675	-0.6478	-1.4182	-1.0167	-1.3083	-1.4769	-1.1522	-0.7422	-1.7707	-0.8984	-1.7033	-1.1212
370	-0.793	-2.2032	-2.0372	-0.5913	-0.8963	-2.023	-2.2365	-1.7802	-1.4958	-1.5514	-1.3433	-2.0639	-2.2413	-0.627	-2.1217	-0.9125	-1.426	-2.2842	-1.9134	-0.623	-2.3131	-1.3773	-2.5449	-0.9798
371	0	0	0	-0.5971	0	0	0	0	0.6023	0	0	0	0	0	0	0	0	0	0	0	0	0	0	0
372	-0.8948	-1.6329	-1.4735	-1.0328	-0.8831	-2.1061	-1.9039	-1.0026	0	-0.9322	-0.8186	0	-1.7897	-1.3569	-1.3284	0	-0.8241	-0.861	-1.3549	-1.0465	-1.617	-0.792	-1.3228	-0.704
373	-1.1857	-1.647	-1.2672	-1.4469	-0.8173	-1.4317	-2.3554	-0.9519	-0.5711	-0.8338	-0.5739	-1.0655	-1.7943	-1.7458	-1.631	-0.8887	-0.9411	-0.7587	-1.0911	-1.5704	-2.0547	-0.8257	-0.9157	-0.8429
374	0	0	0	0	0	0	0	0	0	0	0	0	0	0	0	0	0	0	0	0	0	0	0	0
375	0	0	0	0	0	0	0	0	0	0	0	0	0	0	0	0	0	0	0	0	0	0	0	0
376	0	0	0	0	0	0	0	0	0	0	0	0	0	0	0	0	0	0	0	0	0	0	0	0
377	0	0	0	0	0	0	0	0	0	0	0	0	0	0	0	0	0	0	0	0	0	0	0	0
378	0	0	0	0	0	0	0	0	0	0	0	0	0	0	0	0	0	0	0	0	0	0	0	0
379	0	0	0	0	0	0	0	0	0	0	0	0	0	0	0	0	0	0	0	0	0	0	0	0
380	0	0	0	0	0	0	0	0	0	0	0	0	0	0	0	0	0	0	0	0	0	0	0	0
381	0	0	0	0	0	0	0	0	0	0	0	0	0	0	0	0	0	0	0	0	0	0	0	0
382	0	0	0	0	0	0	0	0	0	0	-0.9674	0	0	0	0	0	0	0	0	0	0	0	0	0
383	0	0	0	0	0	0	0	0	0	0	0	0	0	0	0	0	0	0	0	0	0	0	0	0
384	0	0	0	0	0	0	0	0	0	0	0	0	0	0	0	0	0	0	0	0	0	0	0	0
385	0	0	0	-1.9963	0	0	0	-1.6169	0	0	0	0	0	0	0	0	0	0	0	-1.2259	0	0	0	0
386	0	-1.543	-1.2973	-2.7577	-1.4916	-1.2374	-1.5248	-1.6808	-1.2211	-1.3276	0	-1.5223	0	-1.2045	0	-1.5919	-1.8688	-2.5518	0	0	0	-1.2524	-1.6488	-1.8231
387	0	0	0	0	-1.01	0	0	0	0	0	-0.7051	0	0	0	0	0	0	0	-1.0813	0	0	0	0	0
388	0	0	0	0	0	0	0	0	0	0	0	0	0	0	0	0	0	0	0	0	0	0	0	0
389	-1.4289	-1.0895	-0.9265	-1.8287	-1.5667	-0.8529	-1.1466	-1.4472	-1.0202	-1.1056	-1.3077	-0.8965	-1.1544	-1.094	-0.969	-1.0682	-1.5262	-1.5509	-1.6074	-0.9149	0	-1.0243	-1.2893	-1.3464
390	-2.6504	-1.6615	-1.3066	-2.4264	-2.2701	-1.2614	-1.3044	-2.293	-1.5477	-1.5248	-1.9825	-1.2308	-1.7639	-1.7375	-1.4491	-1.5066	-2.4165	-1.7073	-2.6954	-1.291	-2.5778	-1.5903	-1.7414	-1.8821
391	0	0	0	0	0	0	0	0	0	0	-1.4843	0	0	0	0	0	0	0	0	-0.9596	0	0	0	0
392	-2.0955	-1.8465	-1.7054	-2.0696	-2.34	-1.2302	-1.9243	-1.922	-2.3524	-1.7298	-2.4289	-1.5546	-1.8102	-1.8205	-1.579	-1.6394	0	-1.7252	-2.2693	-1.4584	-2.0456	-1.6547	-1.9537	-1.8087
393	-2.3231	-1.5336	-1.738	-1.9814	-2.3246	-1.1594	-1.8453	-2.0057	-2.1496	-2.0103	-2.4069	-1.6174	-2.0018	-1.925	-1.7346	-1.5475	-1.7194	-1.5497	-2.4719	-1.7442	-2.2532	-1.6921	-1.9826	-1.8665
394	-1.7037	-0.9015	-0.6618	-1.0042	-1.4666	-0.4462	-1.0335	-1.7249	0	-1.727	-1.7899	-0.7234	-1.2123	-1.068	-0.9639	-1.0589	-1.2392	-0.7353	-1.8879	-1.4231	-1.4953	-0.8452	-1.19	-0.9521
395	0	0	0	0	0	0	0	0	0	0	0	0	0	0	0	0	0	0	0	0	0	0	0	0
396	-1.7899	-1.7432	-1.5838	-1.9194	-2.1028	-0.232	-2.0339	-0.9574	-2.3349	-1.65	-2.1129	-1.279	-1.1955	-1.7126	-1.3395	-1.1464	-0.7494	-0.8474	-1.4548	-1.3587	-1.5486	-1.0198	-2.0693	-1.7487
397	-0.5526	-0.0585	-0.3585	-0.089	-0.6641	0.7094	-0.6269	0.1056	-1.0111	-0.616	-0.3256	0.132	-0.4821	-0.2986	0.0654	-0.5384	0.3182	0.3537	0.1666	-0.5025	0.0966	0.0297	-0.6417	-0.0024
398	0	0	0	0	0	0	0	0	0	0	0	0	0	0	0	0	0	0	0	0	0	0	0	0
399	-0.4703	-0.5385	-0.6491	-0.7095	-0.4306	0.4315	-0.5029	-0.065	-0.5534	-0.0525	0.1871	-0.1038	0.182	-0.3875	-0.2062	-0.4138	-0.5746	0.2063	-0.459	-0.2202	-0.1292	-0.0056	-0.8734	-0.2359
400	-0.7748	-0.7798	-0.8661	-0.8343	-0.7513	-0.0619	-0.8269	-0.2155	-1.0799	-0.4775	-0.1196	-0.5071	-0.2511	-0.5659	-0.5395	-0.7589	-0.5123	-0.4241	-0.4438	-0.6609	-0.378	-0.592	-1.0251	-0.5561
401	-2.077	-2.0956	-1.903	-1.8294	-1.8477	-1.4323	-2.1266	-1.2973	-2.0356	-1.5718	-0.8668	-1.8866	-1.0276	-1.4908	-1.9311	-2.157	-1.7585	-1.8486	-1.71	-2.0212	-1.7916	-2.0542	-2.164	-1.9368
402	-2.267	-2.2288	-2.1161	-2.0676	-1.7586	-1.8413	-2.3244	-1.7443	-1.9225	-0.9709	-0.6622	-2.0379	-1.2813	-1.7677	-2.1447	-2.3532	-2.0379	-1.8206	-1.6645	-1.9732	-1.7969	-2.2618	-2.3315	-1.7824
403	-1.0321	-1.0298	-0.6954	-0.5231	-0.652	-0.5135	-0.984	-0.9565	-0.3052	-0.5262	-0.3605	-1.0747	-0.0656	-0.7901	-0.8857	-1.1241	-0.9977	-1.0519	-0.873	-0.8682	-0.908	-1.2001	-1.1265	-0.9564
404	-0.2876	-0.0949	0.3878	0.7386	0.3574	0.7161	-0.147	0	1.1357	0.0535	0.1213	0	1.3687	-0.0032	-0.1329	0	-0.3138	-0.2446	0	-0.0364	-0.3447	0	0	-0.1224
405	0	0	0	0	0	-0.6056	-0.9224	0	0	0	0	0	0	0	0	0	0	-0.8994	0	-0.8151	0	0	0	0
406	-1.346	-1.3731	-0.8489	-0.9094	-1.0345	-1.0035	-1.0255	-1.6884	-0.5842	-1.4618	-0.9055	-1.4094	-0.4619	-0.9796	-1.3243	-1.5634	-1.1422	-1.2458	-1.3278	-1.1834	-1.4275	-1.7019	-1.1454	-0.9588
407	0.5753	0.2594	0.5945	0.5363	0.7398	0.7487	0.5143	-0.2292	1.0459	0.0942	0.2638	0.2021	0.9059	0.4024	0.2362	0.2026	0.5515	0.2321	0.3283	0.6219	-0.0361	-0.0783	0.0596	0.3901
408	0	0	0	0	0	0	0	0	-0.0976	0	0	0	0	0	0	0	0	0	0	0	0	0	0	0
409	-0.594	-1.1631	-0.2584	-0.5132	-0.9187	-0.4605	-0.2062	-1.6354	-0.9247	-1.8812	-0.9464	-0.8664	-0.0753	-0.7827	-0.6632	-1.22	-0.8266	-0.8174	-1.1194	-0.5155	-1.3324	-1.3031	-0.4991	-0.6221
410	-0.5205	-1.2465	-0.551	-0.7865	-1.0684	-0.4407	-0.566	-1.6267	-0.9473	-1.9127	-0.979	-0.7518	-0.4964	-0.5882	-0.8168	-1.491	-0.9967	-1.1003	-1.2741	-0.6199	-1.338	-1.1784	-0.7352	-0.7486
411	-0.4668	-1.3404	-0.7088	-0.8242	-1.1123	-0.775	-0.9465	-2.0702	-0.8177	-2.0214	-1.4485	-0.8081	-0.8201	-0.6673	-1.1358	-1.9287	-1.5566	-1.3693	-1.4135	-0.7311	-1.2783	-0.9768	-1.3369	-1.2629
412	-0.9174	-1.3011	-0.5184	-0.8461	-1.4022	-1.125	-0.895	-1.627	-1.2469	-1.7039	-1.3054	-0.9547	-0.8875	0	-1.0306	-1.7117	-1.6885	-1.1146	-1.3616	-0.8948	-1.0975	-1.2948	-1.0914	-1.2093
413	0	0	0	0	0	0	0	0	0	0	-1.6177	0	0	0	-1.2719	0	0	0	0	0	0	0	-1.1582	0
414	-3.3008	-2.9622	-1.3231	-2.6643	-2.8571	-2.6598	-2.7301	-2.6375	-3.0562	-3.527	-2.4551	-2.809	-1.8002	-2.4688	-2.4725	-3.2698	-2.6077	-2.4134	-3.2198	-2.6247	-2.4824	-3.2021	-2.4171	-2.8799
415	-3.4164	-3.112	-1.5561	-2.3979	-2.5225	-3.0912	-3.0198	-2.8475	-2.6879	-3.2371	-2.2412	-3.2563	-2.2325	-2.9885	-2.658	-2.9741	-2.3159	-2.6384	-3.1007	-2.7678	-2.643	-3.2355	-3.2214	-2.3186
416	-2.62	-2.6605	-1.5337	-2.2304	-2.3457	-2.4986	-2.6496	-2.1121	-2.6051	-2.52	-2.1618	-2.9127	-2.47	-2.4324	-2.4417	-2.4761	-1.9833	-2.2723	-2.6031	-2.3286	-2.2146	-2.5418	-2.745	-2.1173
417	-2.9256	-2.6014	-2	-2.5763	-2.4325	-2.832	-3.0141	-2.2507	-2.9691	-2.7787	-2.532	-3.0498	-3.1943	-2.6321	-2.503	-2.7293	-2.5526	-2.361	-2.7277	-2.4193	-2.0796	-2.9034	-3.1409	-2.2708
418	0	0	0	0	0	0	0	0	0	0	0	0	0	0	0	0	0	-1.835	0	-1.9648	0	0	0	0
419	-2.6906	-2.8374	-2.49	-2.781	-2.5332	-2.6026	-2.9954	-2.1974	-2.8268	-2.4727	-2.5562	-2.8993	-2.8369	-2.6132	-2.7045	-2.7288	-2.4522	-2.4137	-2.6363	-2.3591	-2.3731	-2.7754	-2.9712	-2.2474
420	-3.5712	-3.5955	-3.4388	-3.5499	-3.385	-3.5341	-3.8973	-2.5906	-3.7512	-3.1981	-3.1277	-3.8129	-3.7032	-3.2134	-3.4382	-3.7262	-3.3604	-3.2638	-3.2003	-3.3131	-2.8431	-3.6806	-3.716	-2.7454
421	0	0	0	0	0	-2.4639	0	0	0	0	0	0	0	0	0	0	0	0	0	0	0	0	0	0
422	-2.7184	-3.1665	-3.2521	-3.2003	-3.2732	-2.7189	-3.9024	-2.5025	-3.4653	-2.4689	-3.7168	-3.1428	-3.0808	-2.4475	-3.3769	-3.0923	-2.4759	-2.6652	-3.0114	-2.4478	-2.9783	-3.0837	-3.4545	-3.2931
423	-3.0411	-3.2881	-3.519	-3.3453	-3.3905	-2.9142	-3.7414	-2.8607	-3.5267	-2.8099	-3.6178	-3.37	-3.3921	-2.8711	-3.3837	-3.3791	-3.0677	-3.0683	-3.1454	-2.7559	-3.1426	-3.2665	-3.3639	-3.1562
424	-2.2107	0	-3.032	-2.5249	-2.769	-2.486	-3.1107	-2.6973	-2.6118	-2.1626	-2.8941	-2.7164	-2.626	-2.4028	-2.6922	-2.5762	-2.2366	-2.3706	-2.3177	-2.1977	-2.4035	-2.5321	-2.5101	-2.3901
425	0	0	0	0	0	0	0	0	0	0	0	0	0	0	0	0	0	0	0	0	0	0	0	0
426	-1.7361	-1.8193	-2.0538	-1.9496	-2.0092	-1.7531	-2.2441	-1.793	-2.0545	-1.6374	-1.941	-2.0077	-1.6422	-1.5012	-1.9198	-1.9754	-1.7923	-1.8044	-1.9858	-1.7152	-1.79	-1.9644	-1.8932	-1.8927
427	-1.7144	-1.9994	-1.9966	-2.0638	-1.7628	-1.6598	-2.0429	-2.4263	-1.8108	-1.5765	-1.9852	-1.8353	-1.5711	-1.5494	-2.2847	-1.876	-1.8165	-1.9047	-1.6522	-1.7604	-1.8068	-1.781	-1.7447	-1.7871
428	0	0	0	0	0	0	0	0	0	0	-2.0845	0	0	0	0	0	0	0	0	0	0	0	0	0
429	-2.111	-2.0335	-2.0616	-2.6477	-1.7466	-1.8418	-2.2154	-2.1235	-2.1097	-1.8091	-1.9356	-2.0991	-1.7123	-1.8757	-1.6635	-2.3175	-2.4415	-2.0817	-1.8616	-2.3146	-1.584	-2.1399	-2.0133	-1.9024
430	-2.7541	-2.6962	-2.702	-3.0679	-2.1709	-2.2304	-2.4476	-2.7772	-2.5305	-2.2057	-2.7117	-2.6222	-2.0809	-2.1215	-2.5071	-2.9537	-3.0709	-2.7194	-2.5882	-2.9328	-2.1163	-2.3492	-2.5111	-2.3269
431	0	-2.0007	-2.5201	-2.7248	0	0	-1.9976	0	-1.9562	-1.5958	-1.9799	-1.7122	0	0	0	-2.3402	-2.3441	0	0	0	0	-2.3888	0	0
432	0	0	0	0	0	0	0	0	0	0	0	0	0	0	0	0	0	0	0	0	0	0	0	0
433	-2.6938	-1.9486	-1.8022	-3.4444	-1.3456	-2.0082	-1.7654	-2.4394	-2.2537	-1.8838	-2.1386	-2.029	-2.4468	-1.9438	-1.8367	-3.0616	-3.2319	-2.2593	-2.5686	-3.0724	-1.3071	-1.8152	-2.8626	-2.1835
434	-2.022	-1.4969	-1.8143	-2.7366	-1.4347	-1.7142	-1.6059	-1.4251	-2.3102	-1.309	-2.0176	-1.8872	-1.7711	-1.7477	-1.2203	-2.5978	-2.4545	-2.1074	-1.8356	-2.0484	-1.5477	-1.848	-1.725	-1.853
435	0	0	0	0	0	0	0	0	0	0	0	-1.1976	0	0	0	0	0	0	0	-1.1103	0	0	0	0
436	-0.8661	-0.4978	0	-0.8347	0	-1.2475	0	0	0	-0.9921	-1.0619	0	0	0	-0.6774	-1.3994	0	-1.3818	0	-1.0338	-0.355	-0.7856	0	0
437	0.6945	0.7476	1.0546	0.6079	1.3184	0.1019	0.4221	0.2289	-0.0382	0.2232	0.2955	0.3382	0.047	-0.4584	0.7189	0.2727	-0.0022	0.1885	-0.3369	0.6291	0.2461	0.5144	0.1417	0.1041
438	-0.7374	-1.2102	-0.2928	-0.0175	-0.3142	-1.7876	-1.1573	-1.374	-1.3592	-1.227	-0.886	-1.4474	-1.6841	-1.8675	-1.2472	-1.2408	-1.4114	-1.5257	-1.5942	-0.8882	-1.5354	-0.8724	-0.942	-1.373
439	-1.0541	-0.8263	-1.1757	-1.0404	-1.6267	-1.4691	-0.9931	-1.3346	-0.7658	-0.8753	-0.9837	-1.2134	-1.3632	-1.1782	-0.9374	-0.6609	-1.4649	-0.5319	-0.4466	-1.2243	-1.419	-1.627	-0.4198	-1.5543
440	-1.1303	-1.0135	-1.023	0	0	-1.9025	-1.569	-1.4618	-0.2942	-0.8902	-0.9586	-1.298	-1.5551	-1.8355	-0.7198	-0.1341	-2.0378	-0.327	0.0751	-1.833	-2.3248	0	0.1999	-1.9112
441	-2.9792	-2.7358	-2.741	-3.9447	-4.3492	-3.3611	-3.029	-2.7134	-2.6253	-2.6815	-2.2212	-2.9799	-2.6747	-2.9821	-1.7981	-2.0585	-3.263	-2.0382	-1.096	-3.4558	-3.9991	-3.4036	-1.1683	-3.3978
442	-2.9011	-2.5804	-3.3684	-3.6571	-4.3846	-4.039	-2.9488	-2.9557	-2.5903	-3.1312	-2.0906	-2.9888	-2.2221	-3.7748	-2.1833	0	-3.4601	-2.6147	-1.7121	-3.7792	-4.161	-4.0499	-1.9453	-3.6744
443	-3.6448	-3.4415	-3.259	0	-4.3367	-4.1828	-3.3214	0	-2.7055	-3.4822	-3.0801	-3.7147	-2.813	-3.7687	-3.1908	-2.2239	-3.5176	-2.9345	-2.4188	-3.5902	-4.3369	-3.8663	-2.7368	-3.6228
444	-3.8087	-3.1274	-3.1175	-4.3311	-5.0574	-3.7034	-3.3887	-2.5206	-3.4612	-2.827	-3.4093	-3.4474	-2.331	-3.2338	-3.3951	0	-3.5238	-2.4164	-2.9154	-3.167	-4.1804	-3.446	-3.1587	0
445	-3.024	-2.6498	-3.195	-4.2704	-4.6337	-3.5079	-3.239	-3.1228	-3.5368	-2.4669	-2.744	-2.6395	-2.2069	-2.586	-3.745	-2.7042	-2.597	-2.1021	-2.732	-1.9561	-3.1022	-3.7448	-3.6001	-2.1728
446	-2.0476	-2.3628	-2.6141	-3.145	-3.7255	-2.6471	0	-2.5959	-2.8	-2.1526	-2.3927	-2.407	-2.2179	-1.86	-3.3626	-2.2222	-2.3486	-1.9534	-2.3632	-1.2604	-2.4576	-3.1663	-2.8311	-1.9867
447	-1.7671	-2.9329	-2.1583	-3.497	-3.9117	-2.6694	-2.9779	-2.9477	-2.938	-2.6188	-2.6459	-2.7238	-3.0555	-2.1192	-3.5575	-3.065	-2.4349	-2.017	-2.2262	-1.3613	-2.3374	-3.0976	-2.8322	-2.2177
448	-1.7577	-2.9023	-2.4561	-2.969	-3.5093	-2.6622	-3.1145	-2.9074	-2.9725	-3.0944	-2.6766	-2.7481	-3.1681	-2.8087	-3.009	-2.009	-2.5732	-2.1892	-2.1601	-2.0104	-2.6495	-3.2479	-2.1425	-1.9858